    1    1    1  4.66E+12   624
    1    1    2  2.23E+11   624
    1    1    3  3.60E+10   624
    1    1    4  8.92E+09   624
    1    1    5  2.63E+09   624
    1    1    6  8.74E+08   624
    1    1    7  3.10E+08   624
    1    1    8  1.17E+08   624
    1    1    9  1.16E+08   486
    1    1   10  2.02E+07   624
    1    1   11  9.30E+06   624
    1    1   12  4.55E+06   624
    1    1   13  2.34E+06   624
    1    1   14  1.27E+06   624
    1    1   15  7.25E+05   624
    1    1   16  4.36E+05   624
    1    1   17  2.74E+05   624
    1    1   18  1.76E+05   624
    1    1   19  1.47E+05   622
    1    1   20  8.56E+04   622
    1    1   21  4.81E+04   622
    1    1   22  2.63E+04   623
    1    1   23  1.41E+04   623
    1    1   24  7.38E+03   623
    1    1   25  3.84E+03   623
    1    1   26  2.02E+03   623
    1    1   27  1.11E+03   623
    1    1   28  6.39E+02   623
    1    1   29  3.98E+02   623
    1    1   30  1.51E+03   735
    1    1   31  1.07E+03   735
    1    1   32  7.75E+02   735
    1    1   33  5.68E+02   735
    1    1   34  4.14E+02   735
    1    1   35  2.97E+02   735
    1    1   36  2.07E+02   735
    1    1   37  1.40E+02   735
    1    1   38  9.24E+01   735
    1    1   39  5.91E+01   735
    1    1   40  3.70E+01   735
    1    1   41  2.28E+01   735
    1    1   42  1.42E+01   477
    1    1   43  9.39E+00   477
    1    1   44  6.08E+00   477
    1    1   45  3.87E+00   477
    1    1   46  3.72E+00   189
    1    1   47  3.19E+00   747
    1    1   48  1.92E+00   747
    1    1   49  1.33E+00   753
    1    1   50  8.01E-01   753
    1    1   51  8.93E-01   760
    1    1   52  4.64E-01   760
    1    1   53  2.34E-01   760
    1    1   54  1.15E-01   760
    1    1   55  5.36E-02   760
    1    1   56  2.49E-02   173
    1    1   57  2.92E-02   173
    1    1   58  1.70E-02   172
    1    1   59  9.14E-03   753
    1    1   60  7.42E-03   513
    1    1   61  3.24E-03   513
    1    1   62  9.10E-04   531
    1    1   63  7.94E-04   763
    1    1   64  5.14E-04   909
    1    1   65  2.44E-04   908
    1    1   66  9.19E-05   907
    1    1   67  6.36E-05   855
    1    1   68  3.56E-05   855
    1    1   69  1.81E-05   855
    1    1   70  9.71E-06   855
    1    2    1  9.71E-06   855
    1    2    2  9.71E-06   855
    1    2    3  9.71E-06   855
    1    2    4  9.71E-06   855
    1    2    5  9.71E-06   855
    1    2    6  9.71E-06   855
    1    2    7  9.71E-06   855
    1    2    8  9.71E-06   855
    1    2    9  9.71E-06   855
    1    2   10  9.71E-06   855
    1    2   11  9.71E-06   855
    1    2   12  9.71E-06   855
    1    2   13  9.71E-06   855
    1    2   14  9.71E-06   855
    1    2   15  9.71E-06   855
    1    2   16  9.71E-06   855
    1    2   17  9.71E-06   855
    1    2   18  9.71E-06   855
    1    2   19  9.71E-06   855
    1    2   20  9.71E-06   855
    1    2   21  9.71E-06   855
    1    2   22  9.71E-06   855
    1    2   23  9.71E-06   855
    1    2   24  9.71E-06   855
    1    2   25  9.71E-06   855
    1    2   26  9.71E-06   855
    1    2   27  9.71E-06   855
    1    2   28  9.71E-06   855
    1    2   29  9.71E-06   855
    1    2   30  9.71E-06   855
    1    2   31  9.71E-06   855
    1    2   32  9.71E-06   855
    1    2   33  9.71E-06   855
    1    2   34  9.71E-06   855
    1    2   35  9.71E-06   855
    1    2   36  9.71E-06   855
    1    2   37  9.71E-06   855
    1    2   38  9.71E-06   855
    1    2   39  9.71E-06   855
    1    2   40  9.71E-06   855
    1    2   41  9.71E-06   855
    1    2   42  9.71E-06   855
    1    2   43  9.71E-06   855
    1    2   44  9.71E-06   855
    1    2   45  9.71E-06   855
    1    2   46  9.71E-06   855
    1    2   47  9.71E-06   855
    1    2   48  9.71E-06   855
    1    2   49  9.71E-06   855
    1    2   50  1.76E-06   362
    1    2   51  1.76E-06   362
    1    2   52  1.76E-06   362
    1    2   53  1.76E-06   362
    1    2   54  1.76E-06   362
    1    2   55  1.76E-06   362
    1    2   56  1.76E-06   362
    1    2   57  1.04E-06   530
    1    2   58  0.00E+00   530
    1    2   59  0.00E+00   530
