   1    3.2519E-07  4.6100E-08  2.8353E-01  9.5432E+03  1.1733E+10  2.7863E-14    1.4968E+11  1.4967E+11  1.7438E+10
   2    4.4286E-07  7.9637E-08  2.8647E-01  9.9138E+03  1.5457E+10  3.6381E-14    1.7432E+11  1.7431E+11  1.5637E+10
   3    6.0488E-07  1.2625E-07  2.8888E-01  1.0142E+04  2.0710E+10  4.8454E-14    1.9096E+11  1.9095E+11  1.4453E+10
   4    8.2810E-07  1.9096E-07  2.9095E-01  1.0322E+04  2.7927E+10  6.5087E-14    2.0484E+11  2.0483E+11  1.3670E+10
   5    1.1489E-06  2.8463E-07  2.9299E-01  1.0484E+04  3.8215E+10  8.8825E-14    2.1805E+11  2.1804E+11  1.3117E+10
   6    1.5902E-06  4.1439E-07  2.9517E-01  1.0636E+04  5.2210E+10  1.2111E-13    2.3093E+11  2.3092E+11  1.2701E+10
   7    2.1971E-06  5.9428E-07  2.9766E-01  1.0783E+04  7.1229E+10  1.6496E-13    2.4402E+11  2.4401E+11  1.2353E+10
   8    3.0297E-06  8.4333E-07  3.0057E-01  1.0928E+04  9.7013E+10  2.2438E-13    2.5738E+11  2.5737E+11  1.2064E+10
   9    4.1729E-06  1.1889E-06  3.0402E-01  1.1069E+04  1.3202E+11  3.0506E-13    2.7088E+11  2.7087E+11  1.1849E+10
  10    5.7421E-06  1.6693E-06  3.0819E-01  1.1204E+04  1.7954E+11  4.1469E-13    2.8435E+11  2.8434E+11  1.1719E+10
  11    7.8948E-06  2.3382E-06  3.1330E-01  1.1333E+04  2.4408E+11  5.6375E-13    2.9771E+11  2.9770E+11  1.1676E+10
  12    1.0846E-05  3.2721E-06  3.1965E-01  1.1456E+04  3.3168E+11  7.6641E-13    3.1088E+11  3.1087E+11  1.1714E+10
  13    1.4887E-05  4.5800E-06  3.2762E-01  1.1574E+04  4.5051E+11  1.0419E-12    3.2381E+11  3.2379E+11  1.1829E+10
  14    2.0412E-05  6.4180E-06  3.3767E-01  1.1685E+04  6.1151E+11  1.4160E-12    3.3638E+11  3.3637E+11  1.2016E+10
  15    2.7950E-05  9.0113E-06  3.5041E-01  1.1788E+04  8.2934E+11  1.9237E-12    3.4843E+11  3.4842E+11  1.2275E+10
  16    3.8203E-05  1.2687E-05  3.6656E-01  1.1883E+04  1.1234E+12  2.6111E-12    3.5977E+11  3.5976E+11  1.2604E+10
  17    5.2097E-05  1.7922E-05  3.8704E-01  1.1970E+04  1.5190E+12  3.5387E-12    3.7044E+11  3.7043E+11  1.2979E+10
  18    7.0832E-05  2.5414E-05  4.1280E-01  1.2053E+04  2.0484E+12  4.7835E-12    3.8087E+11  3.8085E+11  1.3355E+10
  19    9.5950E-05  3.6185E-05  4.4479E-01  1.2138E+04  2.7521E+12  6.4406E-12    3.9175E+11  3.9173E+11  1.3695E+10
  20    1.2940E-04  5.1714E-05  4.8383E-01  1.2231E+04  3.6795E+12  8.6261E-12    4.0387E+11  4.0385E+11  1.3960E+10
  21    1.7358E-04  7.4130E-05  5.3073E-01  1.2334E+04  4.8909E+12  1.1481E-11    4.1764E+11  4.1763E+11  1.4141E+10
  22    2.3147E-04  1.0646E-04  5.8639E-01  1.2447E+04  6.4585E+12  1.5174E-11    4.3315E+11  4.3313E+11  1.4250E+10
  23    3.0660E-04  1.5297E-04  6.5166E-01  1.2570E+04  8.4674E+12  1.9906E-11    4.5048E+11  4.5046E+11  1.4296E+10
  24    4.0323E-04  2.1959E-04  7.2727E-01  1.2702E+04  1.1016E+13  2.5903E-11    4.6980E+11  4.6978E+11  1.4281E+10
  25    5.2636E-04  3.1447E-04  8.1381E-01  1.2845E+04  1.4217E+13  3.3428E-11    4.9126E+11  4.9124E+11  1.4208E+10
  26    6.8186E-04  4.4870E-04  9.1260E-01  1.2993E+04  1.8205E+13  4.2792E-11    5.1439E+11  5.1437E+11  1.4100E+10
  27    8.7658E-04  6.3739E-04  1.0255E+00  1.3144E+04  2.3134E+13  5.4362E-11    5.3858E+11  5.3856E+11  1.3980E+10
  28    1.1185E-03  9.0119E-04  1.1553E+00  1.3290E+04  2.9191E+13  6.8576E-11    5.6293E+11  5.6291E+11  1.3876E+10
  29    1.4170E-03  1.2685E-03  1.3065E+00  1.3425E+04  3.6596E+13  8.5973E-11    5.8628E+11  5.8626E+11  1.3822E+10
  30    1.7828E-03  1.7789E-03  1.4839E+00  1.3548E+04  4.5606E+13  1.0718E-10    6.0796E+11  6.0794E+11  1.3829E+10
  31    2.2287E-03  2.4870E-03  1.6922E+00  1.3658E+04  5.6514E+13  1.3290E-10    6.2797E+11  6.2794E+11  1.3889E+10
  32    2.7696E-03  3.4684E-03  1.9361E+00  1.3758E+04  6.9663E+13  1.6396E-10    6.4652E+11  6.4649E+11  1.3989E+10
  33    3.4233E-03  4.8266E-03  2.2193E+00  1.3852E+04  8.5435E+13  2.0128E-10    6.6442E+11  6.6439E+11  1.4104E+10
  34    4.2108E-03  6.7016E-03  2.5426E+00  1.3948E+04  1.0426E+14  2.4584E-10    6.8298E+11  6.8295E+11  1.4202E+10
  35    5.1574E-03  9.2797E-03  2.9045E+00  1.4052E+04  1.2662E+14  2.9876E-10    7.0363E+11  7.0360E+11  1.4256E+10
  36    6.2936E-03  1.2805E-02  3.3002E+00  1.4172E+04  1.5306E+14  3.6126E-10    7.2790E+11  7.2787E+11  1.4241E+10
  37    7.6567E-03  1.7591E-02  3.7221E+00  1.4313E+04  1.8422E+14  4.3471E-10    7.5740E+11  7.5737E+11  1.4134E+10
  38    9.2926E-03  2.4039E-02  4.1616E+00  1.4481E+04  2.2085E+14  5.2071E-10    7.9353E+11  7.9350E+11  1.3917E+10
  39    1.1258E-02  3.2657E-02  4.6080E+00  1.4680E+04  2.6384E+14  6.2110E-10    8.3805E+11  8.3802E+11  1.3566E+10
  40    1.3625E-02  4.4087E-02  5.0520E+00  1.4914E+04  3.1431E+14  7.3806E-10    8.9275E+11  8.9272E+11  1.3058E+10
  41    1.6483E-02  5.9146E-02  5.4832E+00  1.5188E+04  3.7359E+14  8.7411E-10    9.6017E+11  9.6013E+11  1.2360E+10
  42    1.9952E-02  7.8877E-02  5.8947E+00  1.5506E+04  4.4342E+14  1.0324E-09    1.0432E+12  1.0431E+12  1.1444E+10
  43    2.4183E-02  1.0464E-01  6.2799E+00  1.5874E+04  5.2599E+14  1.2168E-09    1.1459E+12  1.1458E+12  1.0286E+10
  44    2.9383E-02  1.3821E-01  6.6330E+00  1.6299E+04  6.2407E+14  1.4321E-09    1.2735E+12  1.2735E+12  8.8899E+09
  45    3.5825E-02  1.8195E-01  6.9478E+00  1.6787E+04  7.4119E+14  1.6851E-09    1.4332E+12  1.4332E+12  7.3128E+09
  46    4.3886E-02  2.3906E-01  7.2202E+00  1.7346E+04  8.8186E+14  1.9854E-09    1.6337E+12  1.6337E+12  5.6851E+09
  47    5.4084E-02  3.1385E-01  7.4485E+00  1.7981E+04  1.0519E+15  2.3464E-09    1.8864E+12  1.8863E+12  4.1766E+09
  48    6.7139E-02  4.1235E-01  7.6411E+00  1.8698E+04  1.2592E+15  2.7868E-09    2.2058E+12  2.2057E+12  2.9301E+09
  49    8.4054E-02  5.4310E-01  7.8194E+00  1.9503E+04  1.5143E+15  3.3314E-09    2.6109E+12  2.6108E+12  2.0038E+09
  50    1.0621E-01  7.1847E-01  8.0073E+00  2.0406E+04  1.8309E+15  4.0114E-09    3.1291E+12  3.1290E+12  1.3707E+09
  51    1.3550E-01  9.5630E-01  8.2371E+00  2.1414E+04  2.2271E+15  4.8660E-09    3.7950E+12  3.7949E+12  9.6479E+08
  52    1.7437E-01  1.2822E+00  8.5316E+00  2.2539E+04  2.7236E+15  5.9405E-09    4.6574E+12  4.6572E+12  7.1253E+08
  53    2.2597E-01  1.7321E+00  8.9016E+00  2.3796E+04  3.3433E+15  7.2839E-09    5.7861E+12  5.7859E+12  5.5452E+08
  54    2.9417E-01  2.3544E+00  9.3514E+00  2.5202E+04  4.1086E+15  8.9444E-09    7.2798E+12  7.2795E+12  4.5128E+08
  55    3.8353E-01  3.2139E+00  9.8846E+00  2.6774E+04  5.0400E+15  1.0966E-08    9.2736E+12  9.2733E+12  3.8060E+08
  56    4.9937E-01  4.3951E+00  1.0510E+01  2.8525E+04  6.1555E+15  1.3388E-08    1.1948E+13  1.1948E+13  3.3356E+08
  57    6.4788E-01  6.0100E+00  1.1238E+01  3.0465E+04  7.4711E+15  1.6244E-08    1.5545E+13  1.5544E+13  3.0179E+08
  58    8.3624E-01  8.2064E+00  1.2082E+01  3.2602E+04  9.0020E+15  1.9560E-08    2.0389E+13  2.0388E+13  2.7744E+08
  59    1.0730E+00  1.1183E+01  1.3059E+01  3.4948E+04  1.0767E+16  2.3361E-08    2.6919E+13  2.6918E+13  2.5303E+08
  60    1.3686E+00  1.5214E+01  1.4223E+01  3.7516E+04  1.2793E+16  2.7645E-08    3.5747E+13  3.5746E+13  2.2495E+08
  61    1.7373E+00  2.0723E+01  1.5659E+01  4.0345E+04  1.5139E+16  3.2394E-08    4.7815E+13  4.7813E+13  1.9574E+08
  62    2.2152E+00  2.8551E+01  1.7099E+01  4.3570E+04  1.7989E+16  3.7772E-08    6.5033E+13  6.5031E+13  1.6973E+08
  63    2.9062E+00  4.0406E+01  1.7215E+01  4.7443E+04  2.1852E+16  4.4813E-08    9.1425E+13  9.1421E+13  1.4954E+08
  64    4.0122E+00  5.8436E+01  1.5388E+01  5.1966E+04  2.7699E+16  5.5887E-08    1.3160E+14  1.3160E+14  1.3535E+08
  65    5.8028E+00  8.4229E+01  1.3422E+01  5.6843E+04  3.6763E+16  7.3637E-08    1.8841E+14  1.8840E+14  1.2811E+08
  66    8.6390E+00  1.2013E+02  1.1895E+01  6.2020E+04  5.0346E+16  1.0053E-07    2.6700E+14  2.6699E+14  1.2971E+08
  67    1.3063E+01  1.7001E+02  1.0655E+01  6.7559E+04  7.0146E+16  1.3985E-07    3.7594E+14  3.7593E+14  1.4083E+08
  68    1.9877E+01  2.3922E+02  9.6569E+00  7.3503E+04  9.8468E+16  1.9615E-07    5.2676E+14  5.2674E+14  1.6397E+08
  69    3.0129E+01  3.3480E+02  8.9900E+00  7.9871E+04  1.3781E+17  2.7438E-07    7.3442E+14  7.3439E+14  2.0232E+08
  70    3.0252E+01  3.3591E+02  8.9853E+00  7.9936E+04  1.3826E+17  2.7528E-07    7.3682E+14  7.3679E+14  2.0278E+08
