      0
      0
      3
      3
      1
      0
  1.D-3
      3
      0
      0
      0
      0
      0
      0
      0
     0.
     0.
     1.
      0
      0
      0
      0
      1
      0
    0.1
    0.0
    0.0
     -1
   0.01
     0.
      9
      0
      0
      5
      4
      1
      0
      0
      1
    100
      0
      1
      1
      1
      7
      4
      0
   1000
 1.D-20
 1.D-20
 1.D-15
      1
 1.D-20
      0
      0
     0.
  1.D30
      0
      7
      4
      0
      1
    100
     30
      2
      0
     70
      0
      1
      1
      3
      0
      0
      0
      1
      3
  1.D-3
      0
      1
   0.01
      1
      0
      0
      0
      0
      1
      2
      3
      0
      4
      0
      0
      0
    0.5
      5
      0
      0
      0
      0
      0
      0
      1
      2
      2
    0.7
      0
      0
      0
      0
      0
      0
      0
      0
      3
      0
     0.
      7
      4
      0
      4
   1.D0
     -1
      0
      0
  1.D-1
  1.D-3
   3.D0
  1.D-7
  316.0
    0.4
     0.
     0.
     1.
      0
      0
      0
      0
  1.D-3
  3.D-1
  1.D-5
     10
      0
      0
      0
      0
      0
     0.
     0.
     0.
    -1.
      1
     0.
      1
      0
     0.
  0.001
   0.02
 1.D-10
     0.
  1.D12
     0.
  1.D13
     0.
   0.25
     21
     0.
     0.
   0.75
      0
    4.5
     3.
      0
    10.
   1.25
    10.
   1.25
      1
      1
      1
      0
      0
      0
      0
 8.2D14
      1
      0
      1
      0
      1
      1
      0
   3.D0
      0
      1
     31
      0
      0
      1
      0
      0
      0
      0
   0.01
     10
     10
      1
      1
     0,
     0.
      0
      0
  1.D18
      0
      0
