 2.63151954D+16  4.2569D-45  0.558
 2.53382438D+16  1.8985D-43  0.551
 2.43612921D+16  8.4845D-42  0.545
 2.33843405D+16  3.7941D-40  0.540
 2.24073889D+16  1.6957D-38  0.535
 2.14304373D+16  7.5650D-37  0.532
 2.04534856D+16  3.3654D-35  0.529
 1.94765340D+16  1.4912D-33  0.526
 1.84995824D+16  6.5745D-32  0.524
 1.75226307D+16  2.8806D-30  0.521
 1.65456791D+16  1.2528D-28  0.520
 1.62200286D+16  4.3972D-28  0.519
 1.58943780D+16  1.5418D-27  0.518
 1.55687275D+16  5.4004D-27  0.518
 1.52430769D+16  1.8894D-26  0.517
 1.49174264D+16  6.6020D-26  0.517
 1.45917758D+16  2.3040D-25  0.516
 1.42661253D+16  8.0297D-25  0.516
 1.39404748D+16  2.7945D-24  0.515
 1.36148242D+16  9.7107D-24  0.515
 1.32891737D+16  3.3691D-23  0.514
 1.30260217D+16  9.9732D-23  0.511
 1.29934567D+16  1.1292D-22  0.511
 1.29609730D+16  1.2780D-22  0.511
 1.29285706D+16  1.4461D-22  0.511
 1.28962492D+16  1.6356D-22  0.511
 1.28640085D+16  1.8495D-22  0.511
 1.28318485D+16  2.0906D-22  0.511
 1.27997689D+16  2.3624D-22  0.511
 1.27677695D+16  2.6686D-22  0.511
 1.27358501D+16  3.0136D-22  0.511
 1.27040104D+16  3.4020D-22  0.511
 1.26722504D+16  3.8394D-22  0.511
 1.26405698D+16  4.3315D-22  0.511
 1.26089684D+16  4.8852D-22  0.511
 1.25774459D+16  5.5079D-22  0.511
 1.25460023D+16  6.2080D-22  0.511
 1.25146373D+16  6.9948D-22  0.511
 1.24833507D+16  7.8789D-22  0.510
 1.24521423D+16  8.8720D-22  0.510
 1.24210120D+16  9.9871D-22  0.510
 1.23899595D+16  1.1238D-21  0.510
 1.23589846D+16  1.2641D-21  0.510
 1.23280871D+16  1.4214D-21  0.510
 1.22972669D+16  1.5979D-21  0.510
 1.22665237D+16  1.7957D-21  0.510
 1.22358574D+16  2.0174D-21  0.510
 1.22052678D+16  2.2658D-21  0.510
 1.21747546D+16  2.5440D-21  0.510
 1.21443177D+16  2.8554D-21  0.510
 1.21139569D+16  3.2040D-21  0.510
 1.20836720D+16  3.5941D-21  0.510
 1.20534628D+16  4.0304D-21  0.510
 1.20233292D+16  4.5184D-21  0.510
 1.19932709D+16  5.0638D-21  0.510
 1.19632877D+16  5.6735D-21  0.510
 1.19333795D+16  6.3546D-21  0.510
 1.19035460D+16  7.1153D-21  0.510
 1.18737871D+16  7.9647D-21  0.510
 1.18441027D+16  8.9128D-21  0.510
 1.18144924D+16  9.9709D-21  0.510
 1.17849562D+16  1.1151D-20  0.510
 1.17554938D+16  1.2468D-20  0.510
 1.17261051D+16  1.3935D-20  0.509
 1.16967898D+16  1.5571D-20  0.509
 1.16675478D+16  1.7394D-20  0.509
 1.16383790D+16  1.9424D-20  0.509
 1.16092830D+16  2.1685D-20  0.509
 1.15802598D+16  2.4202D-20  0.509
 1.15513092D+16  2.7004D-20  0.509
 1.15224309D+16  3.0121D-20  0.509
 1.14936248D+16  3.3588D-20  0.509
 1.14648907D+16  3.7443D-20  0.509
 1.14362285D+16  4.1729D-20  0.509
 1.14076379D+16  4.6492D-20  0.509
 1.13791189D+16  5.1783D-20  0.509
 1.13506711D+16  5.7661D-20  0.509
 1.13222944D+16  6.4187D-20  0.509
 1.12939886D+16  7.1431D-20  0.509
 1.12657537D+16  7.9470D-20  0.509
 1.12375893D+16  8.8390D-20  0.509
 1.12094953D+16  9.8282D-20  0.509
 1.11814716D+16  1.0925D-19  0.509
 1.11535179D+16  1.2141D-19  0.509
 1.11256341D+16  1.3488D-19  0.509
 1.10978200D+16  1.4981D-19  0.509
 1.10700755D+16  1.6634D-19  0.509
 1.10424003D+16  1.8465D-19  0.509
 1.10147943D+16  2.0491D-19  0.509
 1.09872573D+16  2.2733D-19  0.509
 1.09597891D+16  2.5214D-19  0.509
 1.09323897D+16  2.7958D-19  0.509
 1.09050587D+16  3.0991D-19  0.509
 1.08777961D+16  3.4345D-19  0.509
 1.08506016D+16  3.8051D-19  0.509
 1.08234751D+16  4.2145D-19  0.508
 1.07964164D+16  4.6667D-19  0.508
 1.07694253D+16  5.1660D-19  0.508
 1.07425018D+16  5.7172D-19  0.508
 1.07156455D+16  6.3255D-19  0.508
 1.06888564D+16  6.9966D-19  0.508
 1.06621343D+16  7.7368D-19  0.508
 1.06354789D+16  8.5531D-19  0.508
 1.06088902D+16  9.4529D-19  0.508
 1.05823680D+16  1.0445D-18  0.508
 1.05559121D+16  1.1537D-18  0.508
 1.05295223D+16  1.2741D-18  0.508
 1.05031985D+16  1.4066D-18  0.508
 1.04769405D+16  1.5525D-18  0.508
 1.04507481D+16  1.7131D-18  0.508
 1.04246213D+16  1.8898D-18  0.508
 1.03985597D+16  2.0842D-18  0.508
 1.03725633D+16  2.2980D-18  0.508
 1.03466319D+16  2.5331D-18  0.508
 1.03207653D+16  2.7914D-18  0.508
 1.02949634D+16  3.0753D-18  0.508
 1.02692260D+16  3.3873D-18  0.508
 1.02435529D+16  3.7298D-18  0.508
 1.02179441D+16  4.1060D-18  0.508
 1.01923992D+16  4.5189D-18  0.508
 1.01669182D+16  4.9721D-18  0.508
 1.01415009D+16  5.4693D-18  0.508
 1.01161472D+16  6.0147D-18  0.508
 1.00908568D+16  6.6129D-18  0.508
 1.00656297D+16  7.2686D-18  0.508
 1.00404656D+16  7.9873D-18  0.508
 1.00153644D+16  8.7749D-18  0.508
 9.99032600D+15  9.6377D-18  0.508
 9.96535019D+15  1.0583D-17  0.508
 9.94043681D+15  1.1617D-17  0.508
 9.91558572D+15  1.2750D-17  0.508
 9.89079675D+15  1.3990D-17  0.508
 9.86606976D+15  1.5346D-17  0.508
 9.84140459D+15  1.6829D-17  0.508
 9.81680108D+15  1.8452D-17  0.508
 9.79225907D+15  2.0225D-17  0.508
 9.76777843D+15  2.2164D-17  0.508
 9.74335898D+15  2.4283D-17  0.508
 9.71900058D+15  2.6597D-17  0.507
 9.69470308D+15  2.9126D-17  0.507
 9.67046632D+15  3.1886D-17  0.507
 9.64629016D+15  3.4900D-17  0.507
 9.62217443D+15  3.8189D-17  0.507
 9.59811900D+15  4.1778D-17  0.507
 9.57412370D+15  4.5693D-17  0.507
 9.55018839D+15  4.9964D-17  0.507
 9.52631292D+15  5.4620D-17  0.507
 9.50249714D+15  5.9695D-17  0.507
 9.47874089D+15  6.5227D-17  0.507
 9.45504404D+15  7.1254D-17  0.507
 9.43140643D+15  7.7819D-17  0.507
 9.40782792D+15  8.4969D-17  0.507
 9.38430835D+15  9.2754D-17  0.507
 9.36084757D+15  1.0123D-16  0.507
 9.33744546D+15  1.1045D-16  0.507
 9.31410184D+15  1.2048D-16  0.507
 9.29081659D+15  1.3140D-16  0.507
 9.26758955D+15  1.4327D-16  0.507
 9.24442057D+15  1.5617D-16  0.507
 9.22130952D+15  1.7020D-16  0.507
 9.19825625D+15  1.8545D-16  0.507
 9.17526061D+15  2.0201D-16  0.507
 9.15232245D+15  2.2000D-16  0.507
 9.12944165D+15  2.3954D-16  0.507
 9.10661804D+15  2.6075D-16  0.507
 9.08385150D+15  2.8378D-16  0.507
 9.06114187D+15  3.0877D-16  0.507
 9.03848902D+15  3.3588D-16  0.507
 9.01589279D+15  3.6529D-16  0.507
 8.99335306D+15  3.9719D-16  0.507
 8.97086968D+15  4.3177D-16  0.507
 8.94844250D+15  4.6925D-16  0.507
 8.92607140D+15  5.0988D-16  0.507
 8.90375622D+15  5.5390D-16  0.507
 8.88149683D+15  6.0158D-16  0.507
 8.85929309D+15  6.5322D-16  0.507
 8.83714485D+15  7.0913D-16  0.507
 8.81505199D+15  7.6966D-16  0.507
 8.79301436D+15  8.3517D-16  0.507
 8.77103183D+15  9.0605D-16  0.507
 8.74910425D+15  9.8273D-16  0.507
 8.72723149D+15  1.0657D-15  0.507
 8.70541341D+15  1.1553D-15  0.507
 8.68364987D+15  1.2523D-15  0.507
 8.66194075D+15  1.3571D-15  0.507
 8.64028590D+15  1.4703D-15  0.507
 8.61868518D+15  1.5926D-15  0.507
 8.59713847D+15  1.7248D-15  0.507
 8.57564562D+15  1.8675D-15  0.507
 8.55420651D+15  2.0215D-15  0.507
 8.53282099D+15  2.1878D-15  0.507
 8.51148894D+15  2.3673D-15  0.507
 8.49021022D+15  2.5609D-15  0.507
 8.46898469D+15  2.7698D-15  0.507
 8.44781223D+15  2.9950D-15  0.506
 8.42669270D+15  3.2379D-15  0.506
 8.40562597D+15  3.4998D-15  0.506
 8.38461190D+15  3.7820D-15  0.506
 8.36365037D+15  4.0861D-15  0.506
 8.34274125D+15  4.4137D-15  0.506
 8.32188439D+15  4.7666D-15  0.506
 8.30107968D+15  5.1466D-15  0.506
 8.28032698D+15  5.5558D-15  0.506
 8.25962617D+15  5.9962D-15  0.506
 8.23897710D+15  6.4702D-15  0.506
 8.21837966D+15  6.9801D-15  0.506
 8.19783371D+15  7.5288D-15  0.506
 8.17733913D+15  8.1188D-15  0.506
 8.15689578D+15  8.7533D-15  0.506
 8.13650354D+15  9.4355D-15  0.506
 8.11616228D+15  1.0169D-14  0.506
 8.09587187D+15  1.0957D-14  0.506
 8.07563219D+15  1.1803D-14  0.506
 8.05544311D+15  1.2713D-14  0.506
 8.03530451D+15  1.3689D-14  0.506
 8.01521624D+15  1.4738D-14  0.506
 7.99517820D+15  1.5864D-14  0.506
 7.97519026D+15  1.7072D-14  0.506
 7.95525228D+15  1.8369D-14  0.506
 7.93536415D+15  1.9760D-14  0.506
 7.91552574D+15  2.1252D-14  0.506
 7.89573693D+15  2.2852D-14  0.506
 7.87599759D+15  2.4568D-14  0.506
 7.85630759D+15  2.6408D-14  0.506
 7.83666682D+15  2.8380D-14  0.506
 7.81707516D+15  3.0493D-14  0.506
 7.79753247D+15  3.2756D-14  0.506
 7.77803864D+15  3.5181D-14  0.506
 7.75859354D+15  3.7778D-14  0.506
 7.73919706D+15  4.0558D-14  0.506
 7.71984906D+15  4.3535D-14  0.506
 7.70054944D+15  4.6721D-14  0.506
 7.68129807D+15  5.0130D-14  0.506
 7.66209482D+15  5.3778D-14  0.506
 7.64293958D+15  5.7680D-14  0.506
 7.62383224D+15  6.1853D-14  0.506
 7.60477266D+15  6.6315D-14  0.506
 7.58576072D+15  7.1086D-14  0.506
 7.56679632D+15  7.6185D-14  0.506
 7.54787933D+15  8.1634D-14  0.506
 7.52900963D+15  8.7456D-14  0.506
 7.51018711D+15  9.3675D-14  0.506
 7.49141164D+15  1.0032D-13  0.506
 7.47268311D+15  1.0741D-13  0.506
 7.45400140D+15  1.1498D-13  0.506
 7.43536640D+15  1.2307D-13  0.506
 7.41677798D+15  1.3170D-13  0.506
 7.39823604D+15  1.4090D-13  0.506
 7.37974045D+15  1.5072D-13  0.506
 7.36129110D+15  1.6120D-13  0.506
 7.34288787D+15  1.7237D-13  0.506
 7.32453065D+15  1.8428D-13  0.506
 7.30621932D+15  1.9698D-13  0.506
 7.28795378D+15  2.1051D-13  0.506
 7.26973389D+15  2.2494D-13  0.506
 7.25155956D+15  2.4030D-13  0.506
 7.23343066D+15  2.5667D-13  0.506
 7.21534708D+15  2.7411D-13  0.506
 7.19730871D+15  2.9267D-13  0.506
 7.17931544D+15  3.1244D-13  0.506
 7.16136715D+15  3.3348D-13  0.506
 7.14346373D+15  3.5587D-13  0.505
 7.12560508D+15  3.7969D-13  0.505
 7.10779106D+15  4.0504D-13  0.505
 7.09002159D+15  4.3200D-13  0.505
 7.07229653D+15  4.6068D-13  0.505
 7.05461579D+15  4.9117D-13  0.505
 7.03697925D+15  5.2359D-13  0.505
 7.01938680D+15  5.5804D-13  0.505
 7.00183834D+15  5.9466D-13  0.505
 6.98433374D+15  6.3356D-13  0.505
 6.96687291D+15  6.7490D-13  0.505
 6.94945572D+15  7.1880D-13  0.505
 6.93208208D+15  7.6542D-13  0.505
 6.91475188D+15  8.1493D-13  0.505
 6.89746500D+15  8.6748D-13  0.505
 6.88022134D+15  9.2327D-13  0.505
 6.86302078D+15  9.8247D-13  0.505
 6.84586323D+15  1.0453D-12  0.505
 6.82874857D+15  1.1119D-12  0.505
 6.81167670D+15  1.1826D-12  0.505
 6.79464751D+15  1.2576D-12  0.505
 6.77766089D+15  1.3370D-12  0.505
 6.76071674D+15  1.4213D-12  0.505
 6.74381495D+15  1.5106D-12  0.505
 6.72695541D+15  1.6052D-12  0.505
 6.71013802D+15  1.7055D-12  0.505
 6.69336268D+15  1.8118D-12  0.505
 6.67662927D+15  1.9243D-12  0.505
 6.65993770D+15  2.0435D-12  0.505
 6.64328785D+15  2.1697D-12  0.505
 6.62667963D+15  2.3033D-12  0.505
 6.61011293D+15  2.4447D-12  0.505
 6.59358765D+15  2.5943D-12  0.505
 6.57710368D+15  2.7527D-12  0.505
 6.56066092D+15  2.9202D-12  0.505
 6.54425927D+15  3.0975D-12  0.505
 6.52789862D+15  3.2849D-12  0.505
 6.51157888D+15  3.4831D-12  0.505
 6.49529993D+15  3.6927D-12  0.505
 6.47906168D+15  3.9142D-12  0.505
 6.46286402D+15  4.1483D-12  0.505
 6.44670686D+15  4.3957D-12  0.505
 6.43059010D+15  4.6571D-12  0.505
 6.41451362D+15  4.9333D-12  0.505
 6.39847734D+15  5.2249D-12  0.505
 6.38248114D+15  5.5330D-12  0.505
 6.36652494D+15  5.8582D-12  0.505
 6.35060863D+15  6.2015D-12  0.505
 6.33473211D+15  6.5640D-12  0.505
 6.31889528D+15  6.9465D-12  0.505
 6.30309804D+15  7.3500D-12  0.505
 6.28734029D+15  7.7759D-12  0.505
 6.27162194D+15  8.2250D-12  0.505
 6.25594289D+15  8.6987D-12  0.505
 6.24030303D+15  9.1983D-12  0.505
 6.22470227D+15  9.7250D-12  0.505
 6.20914052D+15  1.0280D-11  0.505
 6.19361767D+15  1.0865D-11  0.505
 6.17813362D+15  1.1482D-11  0.505
 6.16268829D+15  1.2132D-11  0.505
 6.14728157D+15  1.2817D-11  0.505
 6.13191336D+15  1.3538D-11  0.505
 6.11658358D+15  1.4297D-11  0.505
 6.10129212D+15  1.5097D-11  0.505
 6.08603889D+15  1.5939D-11  0.505
 6.07082379D+15  1.6826D-11  0.505
 6.05564673D+15  1.7759D-11  0.505
 6.04050762D+15  1.8741D-11  0.505
 6.02540635D+15  1.9774D-11  0.505
 6.01034283D+15  2.0861D-11  0.505
 5.99531698D+15  2.2004D-11  0.505
 5.98032868D+15  2.3206D-11  0.505
 5.96537786D+15  2.4471D-11  0.505
 5.95046442D+15  2.5800D-11  0.505
 5.93558826D+15  3.5669D-11  0.525
 5.92074929D+15  1.0802D-10  0.589
 5.90594741D+15  1.7130D-10  0.601
 5.89118254D+15  2.0157D-10  0.604
 5.87645459D+15  2.2574D-10  0.605
 5.86176345D+15  2.3572D-10  0.605
 5.84710904D+15  2.4610D-10  0.605
 5.83249127D+15  2.5691D-10  0.605
 5.81791004D+15  2.6817D-10  0.605
 5.80336527D+15  2.7988D-10  0.604
 5.78885685D+15  2.9207D-10  0.604
 5.77438471D+15  3.0476D-10  0.604
 5.75994875D+15  3.1796D-10  0.604
 5.74554888D+15  3.3169D-10  0.604
 5.73118500D+15  3.4597D-10  0.604
 5.71685704D+15  3.6083D-10  0.603
 5.70256490D+15  3.7627D-10  0.603
 5.68830849D+15  3.9234D-10  0.603
 5.67408772D+15  4.0904D-10  0.603
 5.65990250D+15  4.2640D-10  0.603
 5.64575274D+15  4.4444D-10  0.602
 5.63163836D+15  4.6320D-10  0.602
 5.61755926D+15  4.8269D-10  0.602
 5.60351536D+15  5.0294D-10  0.602
 5.58950658D+15  5.2399D-10  0.602
 5.57553281D+15  5.4584D-10  0.601
 5.56159398D+15  5.6855D-10  0.601
 5.54768999D+15  5.9213D-10  0.601
 5.53382077D+15  6.1662D-10  0.601
 5.51998622D+15  6.4205D-10  0.601
 5.50618625D+15  6.6846D-10  0.600
 5.49242078D+15  6.9587D-10  0.600
 5.47868973D+15  7.2432D-10  0.600
 5.46499301D+15  7.5385D-10  0.600
 5.45133053D+15  7.8450D-10  0.600
 5.43770220D+15  8.1630D-10  0.599
 5.42410794D+15  8.4929D-10  0.599
 5.41054767D+15  8.8352D-10  0.599
 5.39702131D+15  9.1903D-10  0.599
 5.38352875D+15  9.5586D-10  0.598
 5.37006993D+15  9.9405D-10  0.598
 5.35664476D+15  1.0337D-09  0.598
 5.34325314D+15  1.0747D-09  0.598
 5.32989501D+15  1.1173D-09  0.598
 5.31657027D+15  1.1614D-09  0.597
 5.30327885D+15  1.2072D-09  0.597
 5.29002065D+15  1.2546D-09  0.597
 5.27679560D+15  1.3037D-09  0.597
 5.26360361D+15  1.3546D-09  0.596
 5.25044460D+15  1.4074D-09  0.596
 5.23731849D+15  1.4620D-09  0.596
 5.22422519D+15  1.5186D-09  0.596
 5.21116463D+15  1.5773D-09  0.596
 5.19813672D+15  1.6380D-09  0.595
 5.18514138D+15  1.7009D-09  0.595
 5.17217852D+15  1.7660D-09  0.595
 5.15924808D+15  1.8334D-09  0.595
 5.14634996D+15  1.9031D-09  0.594
 5.13348408D+15  1.9754D-09  0.594
 5.12065037D+15  2.0501D-09  0.594
 5.10784875D+15  2.1275D-09  0.594
 5.09507912D+15  2.2075D-09  0.593
 5.08234143D+15  2.2903D-09  0.593
 5.06963557D+15  2.3760D-09  0.593
 5.05696148D+15  2.4647D-09  0.593
 5.04431908D+15  2.5563D-09  0.592
 5.03170828D+15  2.6511D-09  0.592
 5.01912901D+15  2.7492D-09  0.592
 5.00658119D+15  2.8506D-09  0.592
 4.99406474D+15  2.9554D-09  0.591
 4.98157957D+15  3.0638D-09  0.591
 4.96912562D+15  3.1758D-09  0.591
 4.95670281D+15  3.2916D-09  0.591
 4.94431105D+15  3.4113D-09  0.590
 4.93195028D+15  3.5349D-09  0.590
 4.91962040D+15  3.6627D-09  0.590
 4.90732135D+15  3.7948D-09  0.590
 4.89505305D+15  3.9312D-09  0.589
 4.88281541D+15  4.0721D-09  0.589
 4.87060838D+15  4.2176D-09  0.589
 4.85843185D+15  4.3679D-09  0.589
 4.84628577D+15  4.5231D-09  0.588
 4.83417006D+15  4.6834D-09  0.588
 4.82208463D+15  4.8489D-09  0.588
 4.81002942D+15  5.0197D-09  0.588
 4.79800435D+15  5.1961D-09  0.587
 4.78600934D+15  5.3781D-09  0.587
 4.77404432D+15  5.5660D-09  0.587
 4.76210920D+15  5.7599D-09  0.587
 4.75020393D+15  5.9600D-09  0.586
 4.73832842D+15  6.1664D-09  0.586
 4.72648260D+15  6.3794D-09  0.586
 4.71466639D+15  6.5991D-09  0.586
 4.70287973D+15  6.8257D-09  0.585
 4.69112253D+15  7.0595D-09  0.585
 4.67939472D+15  7.3006D-09  0.585
 4.66769624D+15  7.5491D-09  0.585
 4.65602700D+15  7.8055D-09  0.584
 4.64438693D+15  8.0698D-09  0.584
 4.63277596D+15  8.3422D-09  0.584
 4.62119402D+15  8.6231D-09  0.583
 4.60964104D+15  8.9126D-09  0.583
 4.59811693D+15  9.2109D-09  0.583
 4.58662164D+15  9.5184D-09  0.583
 4.57515509D+15  9.8352D-09  0.582
 4.56371720D+15  1.0162D-08  0.582
 4.55230791D+15  1.0498D-08  0.582
 4.54092714D+15  1.0844D-08  0.582
 4.52957482D+15  1.1201D-08  0.581
 4.51825088D+15  1.1569D-08  0.581
 4.50695525D+15  1.1948D-08  0.581
 4.49568787D+15  1.2337D-08  0.581
 4.48444865D+15  1.2739D-08  0.580
 4.47323752D+15  1.3152D-08  0.580
 4.46205443D+15  1.3578D-08  0.580
 4.45089929D+15  1.4016D-08  0.579
 4.43977205D+15  1.4467D-08  0.579
 4.42867262D+15  1.4931D-08  0.579
 4.41760093D+15  1.5409D-08  0.579
 4.40655693D+15  1.5900D-08  0.578
 4.39554054D+15  1.6406D-08  0.578
 4.38455169D+15  1.6926D-08  0.578
 4.37359031D+15  1.7462D-08  0.578
 4.36265633D+15  1.8012D-08  0.577
 4.35174969D+15  1.8579D-08  0.577
 4.34087032D+15  1.9162D-08  0.577
 4.33001814D+15  1.9761D-08  0.576
 4.31919310D+15  2.0377D-08  0.576
 4.30839511D+15  2.1011D-08  0.576
 4.29762413D+15  2.1662D-08  0.576
 4.28688007D+15  2.2332D-08  0.575
 4.27616287D+15  2.3021D-08  0.575
 4.26547246D+15  2.3729D-08  0.575
 4.25480878D+15  2.4456D-08  0.574
 4.24417176D+15  2.5204D-08  0.574
 4.23356133D+15  2.5972D-08  0.574
 4.22297742D+15  2.6762D-08  0.574
 4.21241998D+15  2.7573D-08  0.573
 4.20188893D+15  2.8407D-08  0.573
 4.19138421D+15  2.9263D-08  0.573
 4.18090575D+15  3.0143D-08  0.573
 4.17045348D+15  3.1046D-08  0.572
 4.16002735D+15  3.1974D-08  0.572
 4.14962728D+15  3.2927D-08  0.572
 4.13925321D+15  3.3906D-08  0.571
 4.12890508D+15  3.4911D-08  0.571
 4.11858282D+15  3.5942D-08  0.571
 4.10828636D+15  3.7002D-08  0.571
 4.09801564D+15  3.8089D-08  0.570
 4.08777060D+15  3.9205D-08  0.570
 4.07755118D+15  4.0351D-08  0.570
 4.06735730D+15  4.1526D-08  0.569
 4.05718891D+15  4.2733D-08  0.569
 4.04704593D+15  4.3971D-08  0.569
 4.03692832D+15  4.5241D-08  0.569
 4.02683600D+15  4.6545D-08  0.568
 4.01676891D+15  4.7882D-08  0.568
 4.00672699D+15  4.9254D-08  0.568
 3.99671017D+15  5.0660D-08  0.567
 3.98671839D+15  5.2104D-08  0.567
 3.97675160D+15  5.3583D-08  0.567
 3.96680972D+15  5.5101D-08  0.567
 3.95689269D+15  5.6657D-08  0.566
 3.94700046D+15  5.8253D-08  0.566
 3.93713296D+15  5.9889D-08  0.566
 3.92729013D+15  6.1566D-08  0.566
 3.91747190D+15  6.3285D-08  0.565
 3.90767822D+15  6.5047D-08  0.565
 3.89790903D+15  6.6854D-08  0.565
 3.88816426D+15  6.8705D-08  0.564
 3.87844385D+15  7.0602D-08  0.564
 3.86874774D+15  7.2545D-08  0.564
 3.85907587D+15  7.4537D-08  0.564
 3.84942818D+15  7.6577D-08  0.563
 3.83980461D+15  7.8668D-08  0.563
 3.83020509D+15  8.0809D-08  0.563
 3.82062958D+15  8.3002D-08  0.563
 3.81107801D+15  8.5249D-08  0.562
 3.80155031D+15  8.7549D-08  0.562
 3.79204644D+15  8.9906D-08  0.562
 3.78256632D+15  9.2318D-08  0.561
 3.77310991D+15  9.4789D-08  0.561
 3.76367713D+15  9.7318D-08  0.561
 3.75426794D+15  9.9907D-08  0.561
 3.74488227D+15  1.0256D-07  0.560
 3.73552006D+15  1.0527D-07  0.560
 3.72618126D+15  1.0805D-07  0.560
 3.71686581D+15  1.1089D-07  0.560
 3.70757364D+15  1.1380D-07  0.559
 3.69830471D+15  1.1678D-07  0.559
 3.68905895D+15  1.1982D-07  0.559
 3.67983630D+15  1.2294D-07  0.558
 3.67063671D+15  1.2612D-07  0.558
 3.66146012D+15  1.2939D-07  0.558
 3.65230647D+15  1.3272D-07  0.558
 3.64317570D+15  1.3613D-07  0.557
 3.63406776D+15  1.3962D-07  0.557
 3.62498259D+15  1.4319D-07  0.557
 3.61592014D+15  1.4684D-07  0.557
 3.60688034D+15  1.5058D-07  0.556
 3.59786314D+15  1.5439D-07  0.556
 3.58886848D+15  1.5829D-07  0.556
 3.57989631D+15  1.6228D-07  0.556
 3.57094657D+15  1.6636D-07  0.555
 3.56201920D+15  1.7053D-07  0.555
 3.55311415D+15  1.7479D-07  0.555
 3.54423137D+15  1.7914D-07  0.554
 3.53537079D+15  1.8359D-07  0.554
 3.52653236D+15  1.8814D-07  0.554
 3.51771603D+15  1.9279D-07  0.554
 3.50892174D+15  1.9754D-07  0.553
 3.50014944D+15  2.0239D-07  0.553
 3.49139906D+15  2.0734D-07  0.553
 3.48267056D+15  2.1240D-07  0.553
 3.47396389D+15  2.1757D-07  0.552
 3.46527898D+15  2.2286D-07  0.552
 3.45661578D+15  2.2825D-07  0.552
 3.44797424D+15  2.3376D-07  0.552
 3.43935431D+15  2.3938D-07  0.551
 3.43075592D+15  2.4513D-07  0.551
 3.42217903D+15  2.5099D-07  0.551
 3.41362358D+15  2.5698D-07  0.551
 3.40508952D+15  2.6309D-07  0.550
 3.39657680D+15  2.6933D-07  0.550
 3.38808536D+15  2.7570D-07  0.550
 3.37961514D+15  2.8220D-07  0.550
 3.37116611D+15  2.8884D-07  0.549
 3.36273819D+15  2.9561D-07  0.549
 3.35433135D+15  3.0252D-07  0.549
 3.34594552D+15  3.0957D-07  0.549
 3.33758065D+15  3.1676D-07  0.548
 3.32923670D+15  3.2410D-07  0.548
 3.32091361D+15  3.3159D-07  0.548
 3.31261133D+15  3.3923D-07  0.548
 3.30432980D+15  3.4702D-07  0.547
 3.29606897D+15  3.5497D-07  0.547
 3.28782880D+15  3.6307D-07  0.547
 3.27960923D+15  5.3264D-07  0.544
 3.27141021D+15  8.7796D-07  0.533
 3.26323168D+15  1.1070D-06  0.529
 3.25507360D+15  1.3814D-06  0.538
 3.24693592D+15  1.7958D-06  0.556
 3.23881858D+15  2.4654D-06  0.578
 3.23072153D+15  3.5920D-06  0.605
 3.22264473D+15  5.5124D-06  0.632
 3.21458812D+15  8.6994D-06  0.657
 3.20655165D+15  1.3691D-05  0.674
 3.19853527D+15  2.0968D-05  0.686
 3.19053893D+15  3.0840D-05  0.692
 3.18256258D+15  4.3364D-05  0.695
 3.17460617D+15  5.8324D-05  0.696
 3.16666966D+15  7.5267D-05  0.695
 3.15875298D+15  9.3586D-05  0.694
 3.15085610D+15  1.1262D-04  0.692
 3.14297896D+15  1.3175D-04  0.690
 3.13512151D+15  1.5044D-04  0.687
 3.12728371D+15  1.6830D-04  0.685
 3.11946550D+15  1.8505D-04  0.683
 3.11166684D+15  2.0054D-04  0.680
 3.10388767D+15  2.1471D-04  0.679
 3.09612795D+15  2.2755D-04  0.677
 3.08838763D+15  2.3911D-04  0.675
 3.08066666D+15  2.4947D-04  0.673
 3.07296500D+15  2.5872D-04  0.672
 3.06528258D+15  2.6696D-04  0.671
 3.05761938D+15  2.7429D-04  0.670
 3.04997533D+15  2.8079D-04  0.669
 3.04235039D+15  2.8656D-04  0.668
 3.03474451D+15  2.9168D-04  0.667
 3.02715765D+15  2.9622D-04  0.666
 3.01958976D+15  3.0024D-04  0.665
 3.01204078D+15  3.0382D-04  0.664
 3.00451068D+15  3.0699D-04  0.664
 2.99699941D+15  3.0980D-04  0.663
 2.98950691D+15  3.1230D-04  0.663
 2.98203314D+15  3.1451D-04  0.662
 2.97457806D+15  3.1648D-04  0.662
 2.96714161D+15  3.1822D-04  0.661
 2.95972376D+15  3.1977D-04  0.661
 2.95232445D+15  3.2114D-04  0.660
 2.94494364D+15  3.2235D-04  0.660
 2.93758128D+15  3.2342D-04  0.660
 2.93023732D+15  3.2437D-04  0.659
 2.92291173D+15  3.2520D-04  0.659
 2.91560445D+15  3.2581D-04  0.659
 2.90831544D+15  3.2635D-04  0.658
 2.90104465D+15  3.2681D-04  0.658
 2.89379204D+15  3.2722D-04  0.658
 2.88655756D+15  3.2756D-04  0.657
 2.87934117D+15  3.2786D-04  0.657
 2.87214281D+15  3.2811D-04  0.657
 2.86496246D+15  3.2831D-04  0.657
 2.85780005D+15  3.2848D-04  0.656
 2.85065555D+15  3.2861D-04  0.656
 2.84352891D+15  3.2871D-04  0.656
 2.83642009D+15  3.2878D-04  0.656
 2.82932904D+15  3.2882D-04  0.655
 2.82225572D+15  3.2883D-04  0.655
 2.81520008D+15  3.2882D-04  0.655
 2.80816208D+15  3.2879D-04  0.655
 2.80114167D+15  3.2873D-04  0.654
 2.79413882D+15  3.2866D-04  0.654
 2.78715347D+15  3.2857D-04  0.654
 2.78018559D+15  3.2847D-04  0.654
 2.77323512D+15  3.2835D-04  0.653
 2.76630204D+15  3.2821D-04  0.653
 2.75938628D+15  3.2807D-04  0.653
 2.75248781D+15  3.2791D-04  0.653
 2.74560660D+15  3.2774D-04  0.653
 2.73874258D+15  3.2756D-04  0.652
 2.73189572D+15  3.2737D-04  0.652
 2.72506598D+15  3.2717D-04  0.652
 2.71825332D+15  3.2696D-04  0.652
 2.71145768D+15  3.2675D-04  0.651
 2.70467904D+15  3.2653D-04  0.651
 2.69791734D+15  3.2630D-04  0.651
 2.69117255D+15  3.2606D-04  0.651
 2.68444462D+15  3.2582D-04  0.651
 2.67773351D+15  3.2558D-04  0.650
 2.67103917D+15  3.2533D-04  0.650
 2.66436157D+15  3.2507D-04  0.650
 2.65770067D+15  3.2481D-04  0.650
 2.65105642D+15  3.2454D-04  0.649
 2.64442878D+15  3.2427D-04  0.649
 2.63781771D+15  3.2400D-04  0.649
 2.63122316D+15  3.2373D-04  0.649
 2.62464510D+15  3.2345D-04  0.649
 2.61808349D+15  3.2316D-04  0.648
 2.61153828D+15  3.2288D-04  0.648
 2.60500944D+15  3.2259D-04  0.648
 2.59849691D+15  3.2491D-04  0.647
 2.59200067D+15  3.2455D-04  0.647
 2.58552067D+15  3.2418D-04  0.647
 2.57905687D+15  3.2381D-04  0.647
 2.57260923D+15  3.2345D-04  0.647
 2.56617770D+15  3.2308D-04  0.646
 2.55976226D+15  3.2271D-04  0.646
 2.55336285D+15  3.2235D-04  0.646
 2.54697945D+15  3.2199D-04  0.646
 2.54061200D+15  3.2162D-04  0.646
 2.53426047D+15  3.2126D-04  0.645
 2.52792482D+15  3.2090D-04  0.645
 2.52160500D+15  3.2054D-04  0.645
 2.51530099D+15  3.2018D-04  0.645
 2.50901274D+15  3.1982D-04  0.644
 2.50274021D+15  3.1946D-04  0.644
 2.49648336D+15  3.1910D-04  0.644
 2.49024215D+15  3.1875D-04  0.644
 2.48401654D+15  3.1839D-04  0.644
 2.47780650D+15  3.1803D-04  0.643
 2.47161198D+15  3.1768D-04  0.643
 2.46543295D+15  3.1732D-04  0.643
 2.45926937D+15  3.1697D-04  0.643
 2.45312120D+15  3.1661D-04  0.643
 2.44698840D+15  3.1626D-04  0.642
 2.44087092D+15  3.1591D-04  0.642
 2.43476875D+15  3.1555D-04  0.642
 2.42868183D+15  3.1520D-04  0.642
 2.42261012D+15  3.1485D-04  0.641
 2.41655360D+15  3.1450D-04  0.641
 2.41051221D+15  3.1415D-04  0.641
 2.40448593D+15  3.1380D-04  0.641
 2.39847472D+15  3.1345D-04  0.641
 2.39247853D+15  3.1310D-04  0.640
 2.38649733D+15  3.1275D-04  0.640
 2.38053109D+15  3.1240D-04  0.640
 2.37457976D+15  3.1206D-04  0.640
 2.36864331D+15  3.1171D-04  0.640
 2.36272170D+15  3.1136D-04  0.639
 2.35681490D+15  3.1101D-04  0.639
 2.35092286D+15  3.1067D-04  0.639
 2.34504556D+15  3.1032D-04  0.639
 2.33918294D+15  3.0998D-04  0.638
 2.33333498D+15  3.0963D-04  0.638
 2.32750165D+15  3.0929D-04  0.638
 2.32168289D+15  3.0894D-04  0.638
 2.31587869D+15  3.0860D-04  0.638
 2.31008899D+15  3.0825D-04  0.637
 2.30431377D+15  3.0791D-04  0.637
 2.29855298D+15  3.0757D-04  0.637
 2.29280660D+15  3.0722D-04  0.637
 2.28707458D+15  3.0688D-04  0.636
 2.28135690D+15  3.0654D-04  0.636
 2.27565350D+15  3.0620D-04  0.636
 2.26996437D+15  3.0586D-04  0.636
 2.26428946D+15  3.0551D-04  0.636
 2.25862874D+15  3.0517D-04  0.635
 2.25298216D+15  3.0483D-04  0.635
 2.24734971D+15  3.0449D-04  0.635
 2.24173133D+15  3.0415D-04  0.635
 2.23612701D+15  3.0381D-04  0.634
 2.23053669D+15  3.0347D-04  0.634
 2.22496035D+15  3.0313D-04  0.634
 2.21939795D+15  3.0279D-04  0.634
 2.21384945D+15  3.0245D-04  0.634
 2.20831483D+15  3.0211D-04  0.633
 2.20279404D+15  3.0177D-04  0.633
 2.19728706D+15  3.0143D-04  0.633
 2.19179384D+15  3.0110D-04  0.633
 2.18631435D+15  3.0076D-04  0.632
 2.18084857D+15  3.0042D-04  0.632
 2.17539645D+15  3.0008D-04  0.632
 2.16995796D+15  2.9974D-04  0.632
 2.16453306D+15  2.9941D-04  0.632
 2.15912173D+15  2.9907D-04  0.631
 2.15372392D+15  2.9873D-04  0.631
 2.14833961D+15  2.9839D-04  0.631
 2.14296876D+15  2.9805D-04  0.631
 2.13761134D+15  2.9772D-04  0.630
 2.13226731D+15  2.9738D-04  0.630
 2.12693665D+15  2.9704D-04  0.630
 2.12161930D+15  2.9671D-04  0.630
 2.11631526D+15  2.9637D-04  0.629
 2.11102447D+15  2.9603D-04  0.629
 2.10574691D+15  2.9570D-04  0.629
 2.10048254D+15  2.9536D-04  0.629
 2.09523133D+15  2.9502D-04  0.628
 2.08999325D+15  2.9469D-04  0.628
 2.08476827D+15  2.9435D-04  0.628
 2.07955635D+15  2.9401D-04  0.628
 2.07435746D+15  2.9368D-04  0.628
 2.06917157D+15  2.9334D-04  0.627
 2.06399864D+15  2.9300D-04  0.627
 2.05883864D+15  2.9267D-04  0.627
 2.05369154D+15  2.9233D-04  0.627
 2.04855732D+15  2.9200D-04  0.626
 2.04343592D+15  2.9166D-04  0.626
 2.03832733D+15  2.9132D-04  0.626
 2.03323151D+15  2.9099D-04  0.626
 2.02814844D+15  2.9065D-04  0.625
 2.02307806D+15  2.9032D-04  0.625
 2.01802037D+15  2.8998D-04  0.625
 2.01297532D+15  2.8964D-04  0.625
 2.00794288D+15  2.8931D-04  0.624
 2.00292302D+15  2.8897D-04  0.624
 1.99791571D+15  2.8863D-04  0.624
 1.99292093D+15  2.8830D-04  0.624
 1.98793862D+15  2.8796D-04  0.624
 1.98296878D+15  2.8763D-04  0.623
 1.97801135D+15  2.8729D-04  0.623
 1.97306633D+15  2.8695D-04  0.623
 1.96813366D+15  2.8662D-04  0.623
 1.96321333D+15  2.8628D-04  0.622
 1.95830529D+15  2.8594D-04  0.622
 1.95340953D+15  2.8561D-04  0.622
 1.94852601D+15  2.8527D-04  0.622
 1.94365469D+15  2.8493D-04  0.621
 1.93879555D+15  2.8460D-04  0.621
 1.93394857D+15  2.8426D-04  0.621
 1.92911369D+15  2.8392D-04  0.621
 1.92429091D+15  2.8359D-04  0.620
 1.91948018D+15  2.8325D-04  0.620
 1.91468148D+15  2.8291D-04  0.620
 1.90989478D+15  2.8258D-04  0.620
 1.90512004D+15  2.8224D-04  0.619
 1.90035724D+15  2.8190D-04  0.619
 1.89560635D+15  2.8157D-04  0.619
 1.89086733D+15  2.8123D-04  0.619
 1.88614016D+15  2.8089D-04  0.618
 1.88142481D+15  2.8055D-04  0.618
 1.87672125D+15  2.8022D-04  0.618
 1.87202945D+15  2.7988D-04  0.618
 1.86734937D+15  2.7954D-04  0.617
 1.86268100D+15  2.7920D-04  0.617
 1.85802430D+15  2.7887D-04  0.617
 1.85337924D+15  2.7853D-04  0.617
 1.84874579D+15  2.7819D-04  0.616
 1.84412393D+15  2.7785D-04  0.616
 1.83951362D+15  2.7751D-04  0.616
 1.83491483D+15  2.7718D-04  0.616
 1.83032754D+15  2.7684D-04  0.615
 1.82575173D+15  2.7650D-04  0.615
 1.82118735D+15  2.7616D-04  0.615
 1.81663438D+15  2.7582D-04  0.615
 1.81209279D+15  2.7548D-04  0.614
 1.80756256D+15  2.7514D-04  0.614
 1.80304365D+15  2.7480D-04  0.614
 1.79853604D+15  2.7446D-04  0.614
 1.79403970D+15  2.7413D-04  0.613
 1.78955461D+15  2.7379D-04  0.613
 1.78508072D+15  2.7345D-04  0.613
 1.78061802D+15  2.7311D-04  0.613
 1.77616647D+15  2.7277D-04  0.612
 1.77172606D+15  2.7243D-04  0.612
 1.76729674D+15  2.7209D-04  0.612
 1.76287850D+15  2.7175D-04  0.612
 1.75847130D+15  2.7141D-04  0.611
 1.75407512D+15  2.7107D-04  0.611
 1.74968994D+15  2.7073D-04  0.611
 1.74531571D+15  2.7039D-04  0.611
 1.74095242D+15  2.7005D-04  0.610
 1.73660004D+15  2.6971D-04  0.610
 1.73225854D+15  2.6937D-04  0.610
 1.72792789D+15  2.6902D-04  0.610
 1.72360808D+15  2.6868D-04  0.609
 1.71929905D+15  2.6834D-04  0.609
 1.71500081D+15  2.6800D-04  0.609
 1.71071331D+15  2.6766D-04  0.609
 1.70643652D+15  2.6732D-04  0.608
 1.70217043D+15  2.6698D-04  0.608
 1.69791500D+15  2.6664D-04  0.608
 1.69367022D+15  2.6629D-04  0.608
 1.68943604D+15  2.6595D-04  0.607
 1.68521245D+15  2.6561D-04  0.607
 1.68099942D+15  2.6527D-04  0.607
 1.67679692D+15  2.6493D-04  0.607
 1.67260493D+15  2.6458D-04  0.606
 1.66842342D+15  2.6424D-04  0.606
 1.66425236D+15  2.6390D-04  0.606
 1.66009173D+15  2.6356D-04  0.606
 1.65594150D+15  2.6321D-04  0.605
 1.65180164D+15  2.6287D-04  0.605
 1.64767214D+15  2.6253D-04  0.605
 1.64355296D+15  2.6218D-04  0.604
 1.63944408D+15  2.6184D-04  0.604
 1.63534547D+15  2.6150D-04  0.604
 1.63125710D+15  2.6115D-04  0.604
 1.62717896D+15  2.6081D-04  0.603
 1.62311101D+15  2.6047D-04  0.603
 1.61905324D+15  2.6012D-04  0.603
 1.61500560D+15  2.5978D-04  0.603
 1.61096809D+15  2.5944D-04  0.602
 1.60694067D+15  2.5909D-04  0.602
 1.60292332D+15  2.5875D-04  0.602
 1.59891601D+15  2.5840D-04  0.602
 1.59491872D+15  2.5806D-04  0.601
 1.59093142D+15  2.5772D-04  0.601
 1.58695409D+15  2.5737D-04  0.601
 1.58298671D+15  2.5703D-04  0.601
 1.57902924D+15  2.5668D-04  0.600
 1.57508167D+15  2.5634D-04  0.600
 1.57114396D+15  2.5599D-04  0.600
 1.56721610D+15  2.5565D-04  0.599
 1.56329806D+15  2.5530D-04  0.599
 1.55938982D+15  2.5496D-04  0.599
 1.55549134D+15  2.5461D-04  0.599
 1.55160262D+15  2.5427D-04  0.598
 1.54772361D+15  2.5392D-04  0.598
 1.54385430D+15  2.5358D-04  0.598
 1.53999466D+15  2.5323D-04  0.598
 1.53614468D+15  2.5289D-04  0.597
 1.53230432D+15  2.5254D-04  0.597
 1.52847356D+15  2.5219D-04  0.597
 1.52465237D+15  2.5185D-04  0.597
 1.52084074D+15  2.5150D-04  0.596
 1.51703864D+15  2.5116D-04  0.596
 1.51324604D+15  2.5081D-04  0.596
 1.50946293D+15  2.5046D-04  0.596
 1.50568927D+15  2.5012D-04  0.595
 1.50192505D+15  2.4977D-04  0.595
 1.49817023D+15  2.4943D-04  0.595
 1.49442481D+15  2.4908D-04  0.594
 1.49068875D+15  2.4873D-04  0.594
 1.48696202D+15  2.4839D-04  0.594
 1.48324462D+15  2.4804D-04  0.594
 1.47953651D+15  2.4769D-04  0.593
 1.47583767D+15  2.4735D-04  0.593
 1.47214807D+15  2.4700D-04  0.593
 1.46846770D+15  2.4665D-04  0.593
 1.46479653D+15  2.4631D-04  0.592
 1.46113454D+15  2.4596D-04  0.592
 1.45748171D+15  2.4561D-04  0.592
 1.45383800D+15  2.4527D-04  0.592
 1.45020341D+15  2.4492D-04  0.591
 1.44657790D+15  2.4457D-04  0.591
 1.44296145D+15  2.4423D-04  0.591
 1.43935405D+15  2.4388D-04  0.590
 1.43575566D+15  2.4353D-04  0.590
 1.43216628D+15  2.4319D-04  0.590
 1.42858586D+15  2.4284D-04  0.590
 1.42501439D+15  2.4249D-04  0.589
 1.42145186D+15  2.4214D-04  0.589
 1.41789823D+15  2.4180D-04  0.589
 1.41435348D+15  2.4145D-04  0.589
 1.41081760D+15  2.4110D-04  0.588
 1.40729056D+15  2.4075D-04  0.588
 1.40377233D+15  2.4041D-04  0.588
 1.40026290D+15  2.4006D-04  0.588
 1.39676224D+15  2.3971D-04  0.587
 1.39327034D+15  2.3936D-04  0.587
 1.38978716D+15  2.3902D-04  0.587
 1.38631269D+15  2.3867D-04  0.586
 1.38284691D+15  2.3832D-04  0.586
 1.37938979D+15  2.3797D-04  0.586
 1.37594132D+15  2.3763D-04  0.586
 1.37250147D+15  2.3728D-04  0.585
 1.36907021D+15  2.3693D-04  0.585
 1.36564754D+15  2.3658D-04  0.585
 1.36223342D+15  2.3624D-04  0.585
 1.35882783D+15  2.3589D-04  0.584
 1.35543076D+15  2.3554D-04  0.584
 1.35204219D+15  2.3519D-04  0.584
 1.34866208D+15  2.3485D-04  0.584
 1.34529043D+15  2.3450D-04  0.583
 1.34192720D+15  2.3415D-04  0.583
 1.33857238D+15  2.3380D-04  0.583
 1.33522595D+15  2.3345D-04  0.582
 1.33188789D+15  2.3311D-04  0.582
 1.32855817D+15  2.3276D-04  0.582
 1.32523677D+15  2.3241D-04  0.582
 1.32192368D+15  2.3206D-04  0.581
 1.31861887D+15  2.3172D-04  0.581
 1.31532232D+15  2.3137D-04  0.581
 1.31203402D+15  2.3102D-04  0.581
 1.30875393D+15  2.3067D-04  0.580
 1.30548205D+15  2.3033D-04  0.580
 1.30221834D+15  2.2998D-04  0.580
 1.29896280D+15  2.2963D-04  0.580
 1.29571539D+15  2.2928D-04  0.579
 1.29247610D+15  2.2893D-04  0.579
 1.28924491D+15  2.2859D-04  0.579
 1.28602180D+15  2.2824D-04  0.578
 1.28280674D+15  2.2789D-04  0.578
 1.27959973D+15  2.2754D-04  0.578
 1.27640073D+15  2.2720D-04  0.578
 1.27320973D+15  2.2685D-04  0.577
 1.27002670D+15  2.2650D-04  0.577
 1.26685163D+15  2.2615D-04  0.577
 1.26368451D+15  2.2581D-04  0.577
 1.26052529D+15  2.2546D-04  0.576
 1.25737398D+15  2.2511D-04  0.576
 1.25423055D+15  2.2476D-04  0.576
 1.25109497D+15  2.2442D-04  0.576
 1.24796723D+15  2.2407D-04  0.575
 1.24484731D+15  2.2372D-04  0.575
 1.24173520D+15  2.2337D-04  0.575
 1.23863086D+15  2.2303D-04  0.575
 1.23553428D+15  2.2268D-04  0.574
 1.23244545D+15  2.2233D-04  0.574
 1.22936433D+15  2.2199D-04  0.574
 1.22629092D+15  2.2164D-04  0.574
 1.22322519D+15  2.2129D-04  0.573
 1.22016713D+15  2.2094D-04  0.573
 1.21711671D+15  2.2060D-04  0.573
 1.21407392D+15  2.2025D-04  0.572
 1.21103874D+15  2.1990D-04  0.572
 1.20801114D+15  2.1956D-04  0.572
 1.20499111D+15  2.1921D-04  0.572
 1.20197863D+15  2.1886D-04  0.571
 1.19897369D+15  2.1851D-04  0.571
 1.19597625D+15  2.1817D-04  0.571
 1.19298631D+15  2.1782D-04  0.571
 1.19000385D+15  2.1747D-04  0.570
 1.18702884D+15  2.1713D-04  0.570
 1.18406126D+15  2.1678D-04  0.570
 1.18110111D+15  2.1643D-04  0.570
 1.17814836D+15  2.1609D-04  0.569
 1.17520299D+15  2.1574D-04  0.569
 1.17226498D+15  2.1539D-04  0.569
 1.16933432D+15  2.1505D-04  0.569
 1.16641098D+15  2.1470D-04  0.568
 1.16349495D+15  2.1436D-04  0.568
 1.16058622D+15  2.1401D-04  0.568
 1.15768475D+15  2.1366D-04  0.568
 1.15479054D+15  2.1332D-04  0.567
 1.15190356D+15  2.1417D-04  0.568
 1.14902380D+15  2.1381D-04  0.567
 1.14615125D+15  2.1345D-04  0.567
 1.14328587D+15  2.1309D-04  0.567
 1.14042765D+15  2.1273D-04  0.567
 1.13757658D+15  2.1237D-04  0.566
 1.13473264D+15  2.1201D-04  0.566
 1.13189581D+15  2.1165D-04  0.566
 1.12906607D+15  2.1129D-04  0.566
 1.12624341D+15  2.1093D-04  0.565
 1.12342780D+15  2.1057D-04  0.565
 1.12061923D+15  2.1021D-04  0.565
 1.11781768D+15  2.0985D-04  0.565
 1.11502314D+15  2.0949D-04  0.564
 1.11223558D+15  2.0913D-04  0.564
 1.10945499D+15  2.0878D-04  0.564
 1.10668135D+15  2.0842D-04  0.564
 1.10391465D+15  2.0806D-04  0.563
 1.10115486D+15  2.0770D-04  0.563
 1.09840197D+15  2.0734D-04  0.563
 1.09565597D+15  2.0699D-04  0.563
 1.09291683D+15  2.0663D-04  0.562
 1.09018454D+15  2.0627D-04  0.562
 1.08745908D+15  2.0592D-04  0.562
 1.08474043D+15  2.0556D-04  0.562
 1.08202858D+15  2.0520D-04  0.561
 1.07932351D+15  2.0485D-04  0.561
 1.07662520D+15  2.0449D-04  0.561
 1.07393363D+15  2.0413D-04  0.561
 1.07124880D+15  2.0378D-04  0.560
 1.06857068D+15  2.0342D-04  0.560
 1.06589925D+15  2.0307D-04  0.560
 1.06323450D+15  2.0271D-04  0.560
 1.06057642D+15  2.0236D-04  0.559
 1.05792498D+15  2.0200D-04  0.559
 1.05528016D+15  2.0165D-04  0.559
 1.05264196D+15  2.0129D-04  0.559
 1.05001036D+15  2.0094D-04  0.559
 1.04738533D+15  2.0059D-04  0.558
 1.04476687D+15  2.0023D-04  0.558
 1.04215495D+15  1.9988D-04  0.558
 1.03954956D+15  1.9952D-04  0.558
 1.03695069D+15  1.9917D-04  0.557
 1.03435831D+15  1.9882D-04  0.557
 1.03177242D+15  1.9847D-04  0.557
 1.02919299D+15  1.9811D-04  0.557
 1.02662000D+15  1.9776D-04  0.556
 1.02405345D+15  1.9741D-04  0.556
 1.02149332D+15  1.9705D-04  0.556
 1.01893959D+15  1.9670D-04  0.556
 1.01639224D+15  1.9635D-04  0.555
 1.01385126D+15  1.9600D-04  0.555
 1.01131663D+15  1.9565D-04  0.555
 1.00878834D+15  1.9530D-04  0.555
 1.00626637D+15  1.9494D-04  0.555
 1.00375070D+15  1.9459D-04  0.554
 1.00124132D+15  1.9424D-04  0.554
 9.98738221D+14  1.9389D-04  0.554
 9.96241375D+14  1.9354D-04  0.554
 9.93750772D+14  1.9319D-04  0.553
 9.91266395D+14  1.9284D-04  0.553
 9.88788229D+14  1.9249D-04  0.553
 9.86316258D+14  1.9214D-04  0.553
 9.83850468D+14  1.9179D-04  0.553
 9.81390842D+14  1.9144D-04  0.552
 9.78937365D+14  1.9109D-04  0.552
 9.76490021D+14  1.9074D-04  0.552
 9.74048796D+14  1.9039D-04  0.552
 9.71613674D+14  1.9004D-04  0.551
 9.69184640D+14  1.8969D-04  0.551
 9.66761678D+14  1.8935D-04  0.551
 9.64344774D+14  1.8900D-04  0.551
 9.61933912D+14  1.8865D-04  0.551
 9.59529077D+14  1.8843D-04  0.550
 9.57130255D+14  1.8808D-04  0.550
 9.54737429D+14  1.8773D-04  0.550
 9.52350585D+14  1.8738D-04  0.550
 9.49969709D+14  1.8703D-04  0.550
 9.47594785D+14  1.8668D-04  0.549
 9.45225798D+14  1.8633D-04  0.549
 9.42862733D+14  1.8598D-04  0.549
 9.40505576D+14  1.8564D-04  0.549
 9.38154313D+14  1.8529D-04  0.549
 9.35808927D+14  1.8494D-04  0.548
 9.33469404D+14  1.8459D-04  0.548
 9.31135731D+14  1.8424D-04  0.548
 9.28807892D+14  1.8390D-04  0.548
 9.26485872D+14  1.8355D-04  0.547
 9.24169657D+14  1.8320D-04  0.547
 9.21859233D+14  1.8285D-04  0.547
 9.19554585D+14  1.8251D-04  0.547
 9.17255698D+14  1.8216D-04  0.547
 9.14962559D+14  1.8181D-04  0.546
 9.12675153D+14  1.8147D-04  0.546
 9.10393465D+14  1.8112D-04  0.546
 9.08117481D+14  1.8077D-04  0.546
 9.05847188D+14  1.8043D-04  0.546
 9.03582570D+14  1.8008D-04  0.545
 9.01323613D+14  1.7974D-04  0.545
 8.99070304D+14  1.7939D-04  0.545
 8.96822628D+14  1.7904D-04  0.545
 8.94580572D+14  1.7870D-04  0.545
 8.92344120D+14  1.7835D-04  0.544
 8.90113260D+14  1.7801D-04  0.544
 8.87887977D+14  1.7766D-04  0.544
 8.85668257D+14  1.7732D-04  0.544
 8.83454086D+14  1.7697D-04  0.544
 8.81245451D+14  1.7663D-04  0.543
 8.79042338D+14  1.7629D-04  0.543
 8.76844732D+14  1.7594D-04  0.543
 8.74652620D+14  1.7645D-04  0.543
 8.72465988D+14  1.7610D-04  0.543
 8.70284823D+14  1.7575D-04  0.543
 8.68109111D+14  1.7539D-04  0.543
 8.65938838D+14  1.7504D-04  0.543
 8.63773991D+14  1.7469D-04  0.542
 8.61614556D+14  1.7434D-04  0.542
 8.59460520D+14  1.7399D-04  0.542
 8.57311869D+14  1.7364D-04  0.542
 8.55168589D+14  1.7329D-04  0.542
 8.53030668D+14  1.7294D-04  0.541
 8.50898091D+14  1.7259D-04  0.541
 8.48770846D+14  1.7224D-04  0.541
 8.46648919D+14  1.7189D-04  0.541
 8.44532296D+14  1.7154D-04  0.541
 8.42420966D+14  1.7119D-04  0.541
 8.40314913D+14  1.7084D-04  0.540
 8.38214126D+14  1.7049D-04  0.540
 8.36118591D+14  1.7014D-04  0.540
 8.34028294D+14  1.6979D-04  0.540
 8.31943223D+14  1.6945D-04  0.540
 8.29863365D+14  1.6910D-04  0.539
 8.27788707D+14  1.6875D-04  0.539
 8.25719235D+14  1.6840D-04  0.539
 8.23654937D+14  1.6806D-04  0.539
 8.21595800D+14  1.6771D-04  0.539
 8.19541810D+14  1.6736D-04  0.539
 8.17492956D+14  1.6703D-04  0.538
 8.15449223D+14  1.6682D-04  0.538
 8.13410600D+14  1.6713D-04  0.538
 8.11377074D+14  1.6815D-04  0.537
 8.09348631D+14  1.7047D-04  0.537
 8.07325259D+14  1.7432D-04  0.536
 8.05306946D+14  1.7959D-04  0.537
 8.03293679D+14  1.8593D-04  0.537
 8.01285445D+14  1.9291D-04  0.538
 7.99282231D+14  2.0008D-04  0.540
 7.97284026D+14  2.0705D-04  0.541
 7.95290815D+14  2.1356D-04  0.542
 7.93302588D+14  2.1942D-04  0.544
 7.91319332D+14  2.2454D-04  0.545
 7.89341034D+14  2.2889D-04  0.546
 7.87367681D+14  2.3252D-04  0.547
 7.85399262D+14  2.3547D-04  0.548
 7.83435764D+14  2.3783D-04  0.548
 7.81477174D+14  2.3967D-04  0.549
 7.79523481D+14  2.4107D-04  0.549
 7.77574673D+14  2.4210D-04  0.550
 7.75630736D+14  2.4283D-04  0.550
 7.73691659D+14  2.4330D-04  0.550
 7.71757430D+14  2.4356D-04  0.550
 7.69828036D+14  2.4364D-04  0.550
 7.67903466D+14  2.4359D-04  0.550
 7.65983708D+14  2.4342D-04  0.550
 7.64068748D+14  2.4315D-04  0.550
 7.62158576D+14  2.4280D-04  0.550
 7.60253180D+14  2.4238D-04  0.550
 7.58352547D+14  2.4191D-04  0.550
 7.56456666D+14  2.4139D-04  0.550
 7.54565524D+14  2.4083D-04  0.550
 7.52679110D+14  2.4024D-04  0.550
 7.50797412D+14  2.3963D-04  0.550
 7.48920419D+14  2.3899D-04  0.550
 7.47048118D+14  2.3833D-04  0.550
 7.45180498D+14  2.3765D-04  0.550
 7.43317546D+14  2.3696D-04  0.550
 7.41459252D+14  2.3626D-04  0.550
 7.39605604D+14  2.3554D-04  0.550
 7.37756590D+14  2.3482D-04  0.550
 7.35912199D+14  2.3409D-04  0.549
 7.34072418D+14  2.3336D-04  0.549
 7.32237237D+14  2.3262D-04  0.549
 7.30406644D+14  2.3188D-04  0.549
 7.28580628D+14  2.3113D-04  0.549
 7.26759176D+14  2.3038D-04  0.549
 7.24942278D+14  2.2963D-04  0.549
 7.23129922D+14  2.2887D-04  0.549
 7.21322098D+14  2.2812D-04  0.549
 7.19518792D+14  2.2736D-04  0.548
 7.17719995D+14  2.2660D-04  0.548
 7.15925695D+14  2.2584D-04  0.548
 7.14135881D+14  2.2509D-04  0.548
 7.12350541D+14  2.2433D-04  0.548
 7.10569665D+14  2.2357D-04  0.548
 7.08793241D+14  2.2281D-04  0.548
 7.07021258D+14  2.2205D-04  0.548
 7.05253705D+14  2.2130D-04  0.547
 7.03490570D+14  2.2054D-04  0.547
 7.01731844D+14  2.1979D-04  0.547
 6.99977514D+14  2.1904D-04  0.547
 6.98227571D+14  2.1828D-04  0.547
 6.96482002D+14  2.1753D-04  0.547
 6.94740797D+14  2.1678D-04  0.547
 6.93003945D+14  2.1604D-04  0.547
 6.91271435D+14  2.1529D-04  0.547
 6.89543256D+14  2.1454D-04  0.546
 6.87819398D+14  2.1380D-04  0.546
 6.86099850D+14  2.1306D-04  0.546
 6.84384600D+14  2.1232D-04  0.546
 6.82673638D+14  2.1158D-04  0.546
 6.80966954D+14  2.1084D-04  0.546
 6.79264537D+14  2.1010D-04  0.546
 6.77566376D+14  2.0937D-04  0.546
 6.75872460D+14  2.0864D-04  0.545
 6.74182779D+14  2.0791D-04  0.545
 6.72497322D+14  2.0718D-04  0.545
 6.70816078D+14  2.0645D-04  0.545
 6.69139038D+14  2.0573D-04  0.545
 6.67466191D+14  2.0501D-04  0.545
 6.65797525D+14  2.0429D-04  0.545
 6.64133031D+14  2.0357D-04  0.545
 6.62472699D+14  2.0285D-04  0.544
 6.60816517D+14  2.0213D-04  0.544
 6.59164476D+14  2.0142D-04  0.544
 6.57516564D+14  2.0071D-04  0.544
 6.55872773D+14  2.0000D-04  0.544
 6.54233091D+14  1.9929D-04  0.544
 6.52597508D+14  1.9859D-04  0.544
 6.50966015D+14  1.9788D-04  0.544
 6.49338600D+14  1.9718D-04  0.544
 6.47715253D+14  1.9648D-04  0.543
 6.46095965D+14  1.9578D-04  0.543
 6.44480725D+14  1.9509D-04  0.543
 6.42869523D+14  1.9439D-04  0.543
 6.41262349D+14  1.9370D-04  0.543
 6.39659194D+14  1.9301D-04  0.543
 6.38060046D+14  1.9232D-04  0.543
 6.36464895D+14  1.9164D-04  0.543
 6.34873733D+14  1.9095D-04  0.542
 6.33286549D+14  1.9027D-04  0.542
 6.31703332D+14  1.8959D-04  0.542
 6.30124074D+14  1.8891D-04  0.542
 6.28548764D+14  1.8823D-04  0.542
 6.26977392D+14  1.8756D-04  0.542
 6.25409949D+14  1.8689D-04  0.542
 6.23846424D+14  1.8622D-04  0.542
 6.22286808D+14  1.8555D-04  0.542
 6.20731091D+14  1.8488D-04  0.541
 6.19179263D+14  1.8422D-04  0.541
 6.17631315D+14  1.8355D-04  0.541
 6.16087236D+14  1.8289D-04  0.541
 6.14547018D+14  1.8224D-04  0.541
 6.13010651D+14  1.8158D-04  0.541
 6.11478124D+14  1.8092D-04  0.541
 6.09949429D+14  1.8027D-04  0.541
 6.08424555D+14  1.7962D-04  0.540
 6.06903494D+14  1.7897D-04  0.540
 6.05386235D+14  1.7832D-04  0.540
 6.03872770D+14  1.7768D-04  0.540
 6.02363088D+14  1.7704D-04  0.540
 6.00857180D+14  1.7639D-04  0.540
 5.99355037D+14  1.7576D-04  0.540
 5.97856649D+14  1.7512D-04  0.540
 5.96362008D+14  1.7448D-04  0.540
 5.94871103D+14  1.7385D-04  0.539
 5.93383925D+14  1.7322D-04  0.539
 5.91900465D+14  1.7259D-04  0.539
 5.90420714D+14  1.7196D-04  0.539
 5.88944662D+14  1.7133D-04  0.539
 5.87472301D+14  1.7071D-04  0.539
 5.86003620D+14  1.7009D-04  0.539
 5.84538611D+14  1.6947D-04  0.539
 5.83077264D+14  1.6885D-04  0.539
 5.81619571D+14  1.6823D-04  0.538
 5.80165522D+14  1.6762D-04  0.538
 5.78715108D+14  1.6701D-04  0.538
 5.77268321D+14  1.6640D-04  0.538
 5.75825150D+14  1.6579D-04  0.538
 5.74385587D+14  1.6518D-04  0.538
 5.72949623D+14  1.6457D-04  0.538
 5.71517249D+14  1.6397D-04  0.538
 5.70088456D+14  1.6337D-04  0.538
 5.68663235D+14  1.6277D-04  0.537
 5.67241577D+14  1.6217D-04  0.537
 5.65823473D+14  1.6158D-04  0.537
 5.64408914D+14  1.6098D-04  0.537
 5.62997892D+14  1.6039D-04  0.537
 5.61590397D+14  1.5980D-04  0.537
 5.60186421D+14  1.5921D-04  0.537
 5.58785955D+14  1.5863D-04  0.537
 5.57388990D+14  1.5804D-04  0.537
 5.55995517D+14  1.5746D-04  0.536
 5.54605529D+14  1.5688D-04  0.536
 5.53219015D+14  1.5630D-04  0.536
 5.51835967D+14  1.5572D-04  0.536
 5.50456377D+14  1.5514D-04  0.536
 5.49080236D+14  1.5457D-04  0.536
 5.47707536D+14  1.5400D-04  0.536
 5.46338267D+14  1.5343D-04  0.536
 5.44972421D+14  1.5286D-04  0.536
 5.43609990D+14  1.5229D-04  0.535
 5.42250965D+14  1.5173D-04  0.535
 5.40895338D+14  1.5117D-04  0.535
 5.39543100D+14  1.5061D-04  0.535
 5.38194242D+14  1.5005D-04  0.535
 5.36848756D+14  1.4949D-04  0.535
 5.35506634D+14  1.4894D-04  0.535
 5.34167868D+14  1.4838D-04  0.535
 5.32832448D+14  1.4783D-04  0.535
 5.31500367D+14  1.4728D-04  0.535
 5.30171616D+14  1.4673D-04  0.534
 5.28846187D+14  1.4618D-04  0.534
 5.27524072D+14  1.4564D-04  0.534
 5.26205261D+14  1.4510D-04  0.534
 5.24889748D+14  1.4455D-04  0.534
 5.23577524D+14  1.4401D-04  0.534
 5.22268580D+14  1.4347D-04  0.534
 5.20962909D+14  1.4294D-04  0.534
 5.19660501D+14  1.4240D-04  0.534
 5.18361350D+14  1.4187D-04  0.533
 5.17065447D+14  1.4134D-04  0.533
 5.15772783D+14  1.4081D-04  0.533
 5.14483351D+14  1.4028D-04  0.533
 5.13197143D+14  1.3975D-04  0.533
 5.11914150D+14  1.3923D-04  0.533
 5.10634365D+14  1.3871D-04  0.533
 5.09357779D+14  1.3819D-04  0.533
 5.08084384D+14  1.3767D-04  0.533
 5.06814173D+14  1.3715D-04  0.533
 5.05547138D+14  1.3663D-04  0.532
 5.04283270D+14  1.3612D-04  0.532
 5.03022562D+14  1.3560D-04  0.532
 5.01765005D+14  1.3509D-04  0.532
 5.00510593D+14  1.3458D-04  0.532
 4.99259316D+14  1.3408D-04  0.532
 4.98011168D+14  1.3357D-04  0.532
 4.96766140D+14  1.3307D-04  0.532
 4.95524225D+14  1.3256D-04  0.532
 4.94285414D+14  1.3206D-04  0.532
 4.93049701D+14  1.3156D-04  0.531
 4.91817076D+14  1.3106D-04  0.531
 4.90587534D+14  1.3057D-04  0.531
 4.89361065D+14  1.3007D-04  0.531
 4.88137662D+14  1.2958D-04  0.531
 4.86917318D+14  1.2909D-04  0.531
 4.85700025D+14  1.2860D-04  0.531
 4.84485775D+14  1.2811D-04  0.531
 4.83274560D+14  1.2763D-04  0.531
 4.82066374D+14  1.2714D-04  0.531
 4.80861208D+14  1.2666D-04  0.531
 4.79659055D+14  1.2618D-04  0.530
 4.78459907D+14  1.2570D-04  0.530
 4.77263758D+14  1.2522D-04  0.530
 4.76070598D+14  1.2474D-04  0.530
 4.74880422D+14  1.2427D-04  0.530
 4.73693221D+14  1.2379D-04  0.530
 4.72508988D+14  1.2332D-04  0.530
 4.71327715D+14  1.2285D-04  0.530
 4.70149396D+14  1.2238D-04  0.530
 4.68974022D+14  1.2191D-04  0.530
 4.67801587D+14  1.2145D-04  0.529
 4.66632083D+14  1.2098D-04  0.529
 4.65465503D+14  1.2052D-04  0.529
 4.64301839D+14  1.2006D-04  0.529
 4.63141085D+14  1.1960D-04  0.529
 4.61983232D+14  1.1914D-04  0.529
 4.60828274D+14  1.1868D-04  0.529
 4.59676203D+14  1.1823D-04  0.529
 4.58527013D+14  1.1778D-04  0.529
 4.57380695D+14  1.1732D-04  0.529
 4.56237243D+14  1.1687D-04  0.529
 4.55096650D+14  1.1643D-04  0.528
 4.53958909D+14  1.1598D-04  0.528
 4.52824011D+14  1.1553D-04  0.528
 4.51691951D+14  1.1510D-04  0.528
 4.50562722D+14  1.1466D-04  0.528
 4.49436315D+14  1.1422D-04  0.528
 4.48312724D+14  1.1378D-04  0.528
 4.47191942D+14  1.1334D-04  0.528
 4.46073962D+14  1.1290D-04  0.528
 4.44958777D+14  1.1247D-04  0.528
 4.43846380D+14  1.1203D-04  0.528
 4.42736764D+14  1.1160D-04  0.527
 4.41629923D+14  1.1117D-04  0.527
 4.40525848D+14  1.1074D-04  0.527
 4.39424533D+14  1.1031D-04  0.527
 4.38325972D+14  1.0988D-04  0.527
 4.37230157D+14  1.0946D-04  0.527
 4.36137081D+14  1.0904D-04  0.527
 4.35046739D+14  1.0861D-04  0.527
 4.33959122D+14  1.0819D-04  0.527
 4.32874224D+14  1.0777D-04  0.527
 4.31792039D+14  1.0735D-04  0.527
 4.30712558D+14  1.0694D-04  0.526
 4.29635777D+14  1.0652D-04  0.526
 4.28561688D+14  1.0611D-04  0.526
 4.27490283D+14  1.0570D-04  0.526
 4.26421558D+14  1.0529D-04  0.526
 4.25355504D+14  1.0488D-04  0.526
 4.24292115D+14  1.0447D-04  0.526
 4.23231385D+14  1.0406D-04  0.526
 4.22173306D+14  1.0366D-04  0.526
 4.21117873D+14  1.0325D-04  0.526
 4.20065078D+14  1.0285D-04  0.526
 4.19014916D+14  1.0245D-04  0.526
 4.17967378D+14  1.0205D-04  0.525
 4.16922460D+14  1.0165D-04  0.525
 4.15880154D+14  1.0125D-04  0.525
 4.14840453D+14  1.0086D-04  0.525
 4.13803352D+14  1.0046D-04  0.525
 4.12768844D+14  1.0007D-04  0.525
 4.11736922D+14  9.9680D-05  0.525
 4.10707579D+14  9.9290D-05  0.525
 4.09680811D+14  9.8902D-05  0.525
 4.08656608D+14  9.8514D-05  0.525
 4.07634967D+14  9.8128D-05  0.525
 4.06615880D+14  9.7743D-05  0.525
 4.05599340D+14  9.7360D-05  0.524
 4.04585341D+14  9.6978D-05  0.524
 4.03573878D+14  9.6598D-05  0.524
 4.02564943D+14  9.6222D-05  0.524
 4.01558531D+14  9.5844D-05  0.524
 4.00554635D+14  9.5467D-05  0.524
 3.99553248D+14  9.5092D-05  0.524
 3.98554365D+14  9.4718D-05  0.524
 3.97557979D+14  9.4345D-05  0.524
 3.96564084D+14  9.3974D-05  0.524
 3.95572674D+14  9.3603D-05  0.524
 3.94583742D+14  9.3235D-05  0.524
 3.93597283D+14  9.2867D-05  0.524
 3.92613290D+14  9.2501D-05  0.523
 3.91631757D+14  9.2136D-05  0.523
 3.90652677D+14  9.1772D-05  0.523
 3.89676045D+14  9.1410D-05  0.523
 3.88701855D+14  9.1049D-05  0.523
 3.87730101D+14  9.0689D-05  0.523
 3.86760775D+14  9.0330D-05  0.523
 3.85793873D+14  8.9973D-05  0.523
 3.84829389D+14  8.9617D-05  0.523
 3.83867315D+14  8.9262D-05  0.523
 3.82907647D+14  8.8909D-05  0.523
 3.81950378D+14  8.8556D-05  0.523
 3.80995502D+14  8.8248D-05  0.523
 3.80043013D+14  8.7898D-05  0.522
 3.79092906D+14  8.7549D-05  0.522
 3.78145173D+14  8.7201D-05  0.522
 3.77199810D+14  8.6855D-05  0.522
 3.76256811D+14  8.6509D-05  0.522
 3.75316169D+14  8.6165D-05  0.522
 3.74377879D+14  8.5822D-05  0.522
 3.73441934D+14  8.5481D-05  0.522
 3.72508329D+14  8.5140D-05  0.522
 3.71577058D+14  8.4801D-05  0.522
 3.70648116D+14  8.4463D-05  0.522
 3.69721495D+14  8.4127D-05  0.522
 3.68797191D+14  8.3791D-05  0.522
 3.67875199D+14  8.3457D-05  0.522
 3.66955511D+14  8.3124D-05  0.521
 3.66038122D+14  8.2792D-05  0.521
 3.65123026D+14  8.2505D-05  0.521
 3.64210219D+14  8.2175D-05  0.521
 3.63299693D+14  8.1846D-05  0.521
 3.62391444D+14  8.1528D-05  0.521
 3.61485465D+14  8.1202D-05  0.521
 3.60581752D+14  8.0879D-05  0.521
 3.59680297D+14  8.0562D-05  0.521
 3.58781097D+14  8.0252D-05  0.521
 3.57884144D+14  7.9954D-05  0.521
 3.56989434D+14  7.9675D-05  0.521
 3.56096960D+14  7.9419D-05  0.520
 3.55206718D+14  7.9192D-05  0.520
 3.54318701D+14  7.8999D-05  0.520
 3.53432904D+14  7.8843D-05  0.520
 3.52549322D+14  7.8724D-05  0.520
 3.51667948D+14  7.8640D-05  0.520
 3.50788779D+14  7.8587D-05  0.520
 3.49911807D+14  7.8559D-05  0.520
 3.49037027D+14  7.8547D-05  0.520
 3.48164435D+14  7.8545D-05  0.520
 3.47294024D+14  7.8544D-05  0.520
 3.46425788D+14  7.8536D-05  0.521
 3.45559724D+14  7.8518D-05  0.521
 3.44695825D+14  7.8483D-05  0.521
 3.43834085D+14  7.8429D-05  0.521
 3.42974500D+14  7.8354D-05  0.521
 3.42117064D+14  7.8257D-05  0.522
 3.41261771D+14  7.8138D-05  0.522
 3.40408617D+14  7.7997D-05  0.522
 3.39557595D+14  7.7837D-05  0.522
 3.38708701D+14  7.7657D-05  0.522
 3.37861929D+14  7.7461D-05  0.522
 3.37017274D+14  7.7250D-05  0.522
 3.36174731D+14  7.7026D-05  0.522
 3.35334294D+14  7.6790D-05  0.522
 3.34495959D+14  7.6543D-05  0.522
 3.33659719D+14  7.6288D-05  0.522
 3.32825570D+14  7.6025D-05  0.522
 3.31993506D+14  7.5756D-05  0.522
 3.31163522D+14  7.5481D-05  0.522
 3.30335613D+14  7.5201D-05  0.522
 3.29509774D+14  7.4918D-05  0.522
 3.28686000D+14  7.4632D-05  0.522
 3.27864285D+14  7.4343D-05  0.522
 3.27044624D+14  7.4051D-05  0.522
 3.26227012D+14  7.3758D-05  0.522
 3.25411445D+14  7.3464D-05  0.522
 3.24597916D+14  7.3169D-05  0.522
 3.23786421D+14  7.2873D-05  0.522
 3.22976955D+14  7.2576D-05  0.522
 3.22169513D+14  7.2279D-05  0.522
 3.21364089D+14  7.1982D-05  0.522
 3.20560679D+14  7.1685D-05  0.522
 3.19759277D+14  7.1387D-05  0.522
 3.18959879D+14  7.1091D-05  0.522
 3.18162479D+14  7.0794D-05  0.522
 3.17367073D+14  7.0498D-05  0.522
 3.16573655D+14  7.0203D-05  0.522
 3.15782221D+14  6.9908D-05  0.522
 3.14992766D+14  6.9613D-05  0.522
 3.14205284D+14  6.9320D-05  0.522
 3.13419771D+14  6.9027D-05  0.521
 3.12636221D+14  6.8734D-05  0.521
 3.11854631D+14  6.8443D-05  0.521
 3.11074994D+14  6.8152D-05  0.521
 3.10297307D+14  6.7863D-05  0.521
 3.09521563D+14  6.7574D-05  0.521
 3.08747759D+14  6.7286D-05  0.521
 3.07975890D+14  6.6999D-05  0.521
 3.07205950D+14  6.6713D-05  0.521
 3.06437935D+14  6.6428D-05  0.521
 3.05671841D+14  6.6144D-05  0.521
 3.04907661D+14  6.5861D-05  0.521
 3.04145392D+14  6.5579D-05  0.521
 3.03385028D+14  6.5298D-05  0.521
 3.02626566D+14  6.5017D-05  0.521
 3.01869999D+14  6.4738D-05  0.521
 3.01115324D+14  6.4460D-05  0.521
 3.00362536D+14  6.4183D-05  0.520
 2.99611630D+14  6.3918D-05  0.520
 2.98862601D+14  6.3644D-05  0.520
 2.98115444D+14  6.3371D-05  0.520
 2.97370156D+14  6.3099D-05  0.520
 2.96626730D+14  6.2828D-05  0.520
 2.95885163D+14  6.2558D-05  0.520
 2.95145450D+14  6.2289D-05  0.520
 2.94407587D+14  6.2021D-05  0.520
 2.93671568D+14  6.1754D-05  0.520
 2.92937389D+14  6.1489D-05  0.520
 2.92205045D+14  6.1224D-05  0.520
 2.91474533D+14  6.0960D-05  0.520
 2.90745846D+14  6.0698D-05  0.520
 2.90018982D+14  6.0436D-05  0.520
 2.89293934D+14  6.0175D-05  0.520
 2.88570700D+14  5.9916D-05  0.520
 2.87849273D+14  5.9657D-05  0.519
 2.87129650D+14  5.9400D-05  0.519
 2.86411825D+14  5.9143D-05  0.519
 2.85695796D+14  5.8888D-05  0.519
 2.84981556D+14  5.8633D-05  0.519
 2.84269103D+14  5.8380D-05  0.519
 2.83558430D+14  5.8127D-05  0.519
 2.82849534D+14  5.7876D-05  0.519
 2.82142410D+14  5.7625D-05  0.519
 2.81437054D+14  5.7376D-05  0.519
 2.80733461D+14  5.7127D-05  0.519
 2.80031628D+14  5.6880D-05  0.519
 2.79331549D+14  5.6633D-05  0.519
 2.78633220D+14  5.6388D-05  0.519
 2.77936637D+14  5.6144D-05  0.519
 2.77241795D+14  5.5900D-05  0.519
 2.76548691D+14  5.5658D-05  0.519
 2.75857319D+14  5.5416D-05  0.518
 2.75167675D+14  5.5175D-05  0.518
 2.74479756D+14  5.4936D-05  0.518
 2.73793557D+14  5.4697D-05  0.518
 2.73109073D+14  5.4460D-05  0.518
 2.72426300D+14  5.4223D-05  0.518
 2.71745235D+14  5.3987D-05  0.518
 2.71065871D+14  5.3753D-05  0.518
 2.70388207D+14  5.3519D-05  0.518
 2.69712236D+14  5.3286D-05  0.518
 2.69037956D+14  5.3054D-05  0.518
 2.68365361D+14  5.2823D-05  0.518
 2.67694447D+14  5.2593D-05  0.518
 2.67025211D+14  5.2364D-05  0.518
 2.66357648D+14  5.2136D-05  0.518
 2.65691754D+14  5.1909D-05  0.518
 2.65027525D+14  5.1682D-05  0.518
 2.64364956D+14  5.1457D-05  0.518
 2.63704044D+14  5.1233D-05  0.518
 2.63044783D+14  5.1009D-05  0.517
 2.62387171D+14  5.0787D-05  0.517
 2.61731204D+14  5.0565D-05  0.517
 2.61076876D+14  5.0344D-05  0.517
 2.60424183D+14  5.0124D-05  0.517
 2.59773123D+14  4.9905D-05  0.517
 2.59123690D+14  4.9687D-05  0.517
 2.58475881D+14  4.9470D-05  0.517
 2.57829691D+14  4.9254D-05  0.517
 2.57185117D+14  4.9038D-05  0.517
 2.56542154D+14  4.8824D-05  0.517
 2.55900799D+14  4.8610D-05  0.517
 2.55261047D+14  4.8398D-05  0.517
 2.54622894D+14  4.8186D-05  0.517
 2.53986337D+14  4.7975D-05  0.517
 2.53351371D+14  4.7765D-05  0.517
 2.52717993D+14  4.7556D-05  0.517
 2.52086198D+14  4.7347D-05  0.517
 2.51455982D+14  4.7140D-05  0.517
 2.50827342D+14  4.6933D-05  0.516
 2.50200274D+14  4.6727D-05  0.516
 2.49574773D+14  4.6522D-05  0.516
 2.48950836D+14  4.6318D-05  0.516
 2.48328459D+14  4.6115D-05  0.516
 2.47707638D+14  4.5913D-05  0.516
 2.47088369D+14  4.5711D-05  0.516
 2.46470648D+14  4.5510D-05  0.516
 2.45854471D+14  4.5310D-05  0.516
 2.45239835D+14  4.5111D-05  0.516
 2.44626736D+14  4.4913D-05  0.516
 2.44015169D+14  4.4716D-05  0.516
 2.43405131D+14  4.4519D-05  0.516
 2.42796618D+14  4.4323D-05  0.516
 2.42189626D+14  4.4128D-05  0.516
 2.41584152D+14  4.3934D-05  0.516
 2.40980192D+14  4.3741D-05  0.516
 2.40377742D+14  4.3548D-05  0.516
 2.39776797D+14  4.3357D-05  0.516
 2.39177355D+14  4.3166D-05  0.516
 2.38579412D+14  4.2976D-05  0.515
 2.37982963D+14  4.2787D-05  0.515
 2.37388006D+14  4.2598D-05  0.515
 2.36794536D+14  4.2410D-05  0.515
 2.36202550D+14  4.2223D-05  0.515
 2.35612043D+14  4.2037D-05  0.515
 2.35023013D+14  4.1852D-05  0.515
 2.34435455D+14  4.1667D-05  0.515
 2.33849367D+14  4.1483D-05  0.515
 2.33264743D+14  4.1300D-05  0.515
 2.32681582D+14  4.1118D-05  0.515
 2.32099878D+14  4.0936D-05  0.515
 2.31519628D+14  4.0755D-05  0.515
 2.30940829D+14  4.0575D-05  0.515
 2.30363477D+14  4.0396D-05  0.515
 2.29787568D+14  4.0217D-05  0.515
 2.29213099D+14  4.0040D-05  0.515
 2.28640066D+14  3.9862D-05  0.515
 2.28068466D+14  3.9686D-05  0.515
 2.27498295D+14  3.9511D-05  0.515
 2.26929549D+14  3.9336D-05  0.515
 2.26362225D+14  3.9162D-05  0.514
 2.25796320D+14  3.8988D-05  0.514
 2.25231829D+14  3.8816D-05  0.514
 2.24668750D+14  3.8644D-05  0.514
 2.24107078D+14  3.8473D-05  0.514
 2.23546810D+14  3.8302D-05  0.514
 2.22987943D+14  3.8132D-05  0.514
 2.22430473D+14  3.7963D-05  0.514
 2.21874397D+14  3.7795D-05  0.514
 2.21319711D+14  3.7627D-05  0.514
 2.20766412D+14  3.7461D-05  0.514
 2.20214496D+14  3.7294D-05  0.514
 2.19663959D+14  3.7129D-05  0.514
 2.19114799D+14  3.6964D-05  0.514
 2.18567012D+14  3.6800D-05  0.514
 2.18020595D+14  3.6636D-05  0.514
 2.17475543D+14  3.6474D-05  0.514
 2.16931855D+14  3.6312D-05  0.514
 2.16389525D+14  3.6150D-05  0.514
 2.15848551D+14  3.5990D-05  0.514
 2.15308930D+14  3.5830D-05  0.514
 2.14770657D+14  3.5670D-05  0.514
 2.14233731D+14  3.5512D-05  0.514
 2.13698146D+14  3.5354D-05  0.513
 2.13163901D+14  3.5196D-05  0.513
 2.12630991D+14  3.5040D-05  0.513
 2.12099414D+14  3.4886D-05  0.513
 2.11569165D+14  3.4731D-05  0.513
 2.11040242D+14  3.4576D-05  0.513
 2.10512642D+14  3.4422D-05  0.513
 2.09986360D+14  3.4268D-05  0.513
 2.09461394D+14  3.4116D-05  0.513
 2.08937741D+14  3.3964D-05  0.513
 2.08415396D+14  3.3812D-05  0.513
 2.07894358D+14  3.3662D-05  0.513
 2.07374622D+14  3.3511D-05  0.513
 2.06856186D+14  3.3362D-05  0.513
 2.06339045D+14  3.3213D-05  0.513
 2.05823197D+14  3.3065D-05  0.513
 2.05308639D+14  3.3651D-05  0.514
 2.04795368D+14  3.3499D-05  0.514
 2.04283379D+14  3.3347D-05  0.514
 2.03772671D+14  3.3197D-05  0.514
 2.03263239D+14  3.3047D-05  0.514
 2.02755081D+14  3.2897D-05  0.514
 2.02248194D+14  3.2748D-05  0.514
 2.01742573D+14  3.2600D-05  0.514
 2.01238217D+14  3.2452D-05  0.514
 2.00735121D+14  3.2305D-05  0.514
 2.00233283D+14  3.2158D-05  0.514
 1.99732700D+14  3.2013D-05  0.514
 1.99233368D+14  3.1867D-05  0.514
 1.98735285D+14  3.1723D-05  0.514
 1.98238447D+14  3.1579D-05  0.514
 1.97742851D+14  3.1435D-05  0.514
 1.97248493D+14  3.1293D-05  0.514
 1.96755372D+14  3.1151D-05  0.514
 1.96263484D+14  3.1009D-05  0.514
 1.95772825D+14  3.0868D-05  0.514
 1.95283393D+14  3.0728D-05  0.513
 1.94795185D+14  3.0588D-05  0.513
 1.94308197D+14  3.0449D-05  0.513
 1.93822426D+14  3.0311D-05  0.513
 1.93337870D+14  3.0173D-05  0.513
 1.92854525D+14  3.0036D-05  0.513
 1.92372389D+14  2.9899D-05  0.513
 1.91891458D+14  2.9763D-05  0.513
 1.91411729D+14  2.9628D-05  0.513
 1.90933200D+14  2.9493D-05  0.513
 1.90455867D+14  2.9359D-05  0.513
 1.89979727D+14  2.9225D-05  0.513
 1.89504778D+14  2.9092D-05  0.513
 1.89031016D+14  2.8960D-05  0.513
 1.88558439D+14  2.8828D-05  0.513
 1.88087043D+14  2.8696D-05  0.513
 1.87616825D+14  2.8566D-05  0.513
 1.87147783D+14  2.8435D-05  0.513
 1.86679913D+14  2.8306D-05  0.513
 1.86213214D+14  2.8177D-05  0.513
 1.85747681D+14  2.8048D-05  0.513
 1.85283311D+14  2.7920D-05  0.513
 1.84820103D+14  2.7793D-05  0.513
 1.84358053D+14  2.7666D-05  0.513
 1.83897158D+14  2.7540D-05  0.513
 1.83437415D+14  2.7414D-05  0.512
 1.82978821D+14  2.7289D-05  0.512
 1.82521374D+14  2.7165D-05  0.512
 1.82065071D+14  2.7041D-05  0.512
 1.81609908D+14  2.6917D-05  0.512
 1.81155883D+14  2.6794D-05  0.512
 1.80702994D+14  2.6672D-05  0.512
 1.80251236D+14  2.6550D-05  0.512
 1.79800608D+14  2.6429D-05  0.512
 1.79351107D+14  2.6308D-05  0.512
 1.78902729D+14  2.6188D-05  0.512
 1.78455472D+14  2.6068D-05  0.512
 1.78009333D+14  2.5949D-05  0.512
 1.77564310D+14  2.5830D-05  0.512
 1.77120399D+14  2.5712D-05  0.512
 1.76677598D+14  2.5594D-05  0.512
 1.76235904D+14  2.5477D-05  0.512
 1.75795314D+14  2.5361D-05  0.512
 1.75355826D+14  2.5245D-05  0.512
 1.74917437D+14  2.5129D-05  0.512
 1.74480143D+14  2.5014D-05  0.512
 1.74043943D+14  2.4900D-05  0.512
 1.73608833D+14  2.4786D-05  0.512
 1.73174811D+14  2.4672D-05  0.512
 1.72741874D+14  2.4559D-05  0.512
 1.72310019D+14  2.4446D-05  0.512
 1.71879244D+14  2.4334D-05  0.512
 1.71449546D+14  2.4223D-05  0.512
 1.71020922D+14  2.4112D-05  0.511
 1.70593370D+14  2.4001D-05  0.511
 1.70166886D+14  2.3891D-05  0.511
 1.69741469D+14  2.3782D-05  0.511
 1.69317115D+14  2.3673D-05  0.511
 1.68893823D+14  2.3564D-05  0.511
 1.68471588D+14  2.3456D-05  0.511
 1.68050409D+14  2.3348D-05  0.511
 1.67630283D+14  2.3241D-05  0.511
 1.67211207D+14  2.3134D-05  0.511
 1.66793179D+14  2.3028D-05  0.511
 1.66376196D+14  2.2922D-05  0.511
 1.65960256D+14  2.2817D-05  0.511
 1.65545355D+14  2.2712D-05  0.511
 1.65131492D+14  2.2608D-05  0.511
 1.64718663D+14  2.2504D-05  0.511
 1.64306866D+14  2.2401D-05  0.511
 1.63896099D+14  2.2298D-05  0.511
 1.63486359D+14  2.2195D-05  0.511
 1.63077643D+14  2.2093D-05  0.511
 1.62669949D+14  2.1991D-05  0.511
 1.62263274D+14  2.1890D-05  0.511
 1.61857616D+14  2.1790D-05  0.511
 1.61452972D+14  2.1689D-05  0.511
 1.61049339D+14  2.1590D-05  0.511
 1.60646716D+14  2.1490D-05  0.511
 1.60245099D+14  2.1391D-05  0.511
 1.59844487D+14  2.1293D-05  0.511
 1.59444875D+14  2.1195D-05  0.511
 1.59046263D+14  2.1097D-05  0.510
 1.58648647D+14  2.1000D-05  0.510
 1.58252026D+14  2.0903D-05  0.510
 1.57856396D+14  2.0807D-05  0.510
 1.57461755D+14  2.0711D-05  0.510
 1.57068100D+14  2.0616D-05  0.510
 1.56675430D+14  2.0521D-05  0.510
 1.56283742D+14  2.0426D-05  0.510
 1.55893032D+14  2.0332D-05  0.510
 1.55503300D+14  2.0238D-05  0.510
 1.55114541D+14  2.0145D-05  0.510
 1.54726755D+14  2.0052D-05  0.510
 1.54339938D+14  1.9959D-05  0.510
 1.53954088D+14  1.9867D-05  0.510
 1.53569203D+14  1.9775D-05  0.510
 1.53185280D+14  1.9684D-05  0.510
 1.52802317D+14  1.9593D-05  0.510
 1.52420311D+14  1.9503D-05  0.510
 1.52039260D+14  1.9413D-05  0.510
 1.51659162D+14  1.9323D-05  0.510
 1.51280014D+14  1.9234D-05  0.510
 1.50901814D+14  1.9145D-05  0.510
 1.50524560D+14  1.9057D-05  0.510
 1.50148248D+14  1.8969D-05  0.510
 1.49772878D+14  1.8881D-05  0.510
 1.49398445D+14  1.8794D-05  0.510
 1.49024949D+14  1.8707D-05  0.510
 1.48652387D+14  1.8620D-05  0.510
 1.48280756D+14  1.8534D-05  0.510
 1.47910054D+14  1.8448D-05  0.510
 1.47540279D+14  1.8363D-05  0.510
 1.47171428D+14  1.8278D-05  0.510
 1.46803500D+14  1.8193D-05  0.510
 1.46436491D+14  1.8109D-05  0.509
 1.46070400D+14  1.8025D-05  0.509
 1.45705224D+14  1.7942D-05  0.509
 1.45340961D+14  1.7859D-05  0.509
 1.44977608D+14  1.7776D-05  0.509
 1.44615164D+14  1.7694D-05  0.509
 1.44253626D+14  1.7612D-05  0.509
 1.43892992D+14  1.7530D-05  0.509
 1.43533260D+14  1.7449D-05  0.509
 1.43174427D+14  1.7368D-05  0.509
 1.42816491D+14  1.7288D-05  0.509
 1.42459449D+14  1.7208D-05  0.509
 1.42103301D+14  1.7128D-05  0.509
 1.41748043D+14  1.7048D-05  0.509
 1.41393672D+14  1.6969D-05  0.509
 1.41040188D+14  1.6891D-05  0.509
 1.40687588D+14  1.6812D-05  0.509
 1.40335869D+14  1.6734D-05  0.509
 1.39985029D+14  1.6657D-05  0.509
 1.39635067D+14  1.6579D-05  0.509
 1.39285979D+14  1.6502D-05  0.509
 1.38937764D+14  1.6426D-05  0.509
 1.38590420D+14  1.6350D-05  0.509
 1.38243943D+14  1.6274D-05  0.509
 1.37898334D+14  1.6198D-05  0.509
 1.37553588D+14  1.6123D-05  0.509
 1.37209704D+14  1.6048D-05  0.509
 1.36866680D+14  1.5973D-05  0.509
 1.36524513D+14  1.5899D-05  0.509
 1.36183202D+14  1.5825D-05  0.509
 1.35842744D+14  1.5752D-05  0.509
 1.35503137D+14  1.5679D-05  0.509
 1.35164379D+14  1.5606D-05  0.509
 1.34826468D+14  1.5533D-05  0.509
 1.34489402D+14  1.5461D-05  0.509
 1.34153178D+14  1.5389D-05  0.509
 1.33817795D+14  1.5317D-05  0.509
 1.33483251D+14  1.5246D-05  0.508
 1.33149543D+14  1.5175D-05  0.508
 1.32816669D+14  1.5105D-05  0.508
 1.32484627D+14  1.5034D-05  0.508
 1.32153416D+14  1.4964D-05  0.508
 1.31823032D+14  1.4895D-05  0.508
 1.31493474D+14  1.4936D-05  0.509
 1.31164741D+14  1.4866D-05  0.509
 1.30836829D+14  1.4796D-05  0.509
 1.30509737D+14  1.4727D-05  0.509
 1.30183463D+14  1.4658D-05  0.509
 1.29858004D+14  1.4590D-05  0.509
 1.29533359D+14  1.4521D-05  0.509
 1.29209525D+14  1.4453D-05  0.509
 1.28886502D+14  1.4386D-05  0.509
 1.28564285D+14  1.4318D-05  0.509
 1.28242875D+14  1.4251D-05  0.509
 1.27922267D+14  1.4184D-05  0.509
 1.27602462D+14  1.4118D-05  0.509
 1.27283456D+14  1.4052D-05  0.509
 1.26965247D+14  1.3986D-05  0.509
 1.26647834D+14  1.3920D-05  0.508
 1.26331214D+14  1.3855D-05  0.508
 1.26015386D+14  1.3790D-05  0.508
 1.25700348D+14  1.3725D-05  0.508
 1.25386097D+14  1.3661D-05  0.508
 1.25072632D+14  1.3597D-05  0.508
 1.24759950D+14  1.3533D-05  0.508
 1.24448050D+14  1.3470D-05  0.508
 1.24136930D+14  1.3406D-05  0.508
 1.23826588D+14  1.3344D-05  0.508
 1.23517021D+14  1.3281D-05  0.508
 1.23208229D+14  1.3219D-05  0.508
 1.22900208D+14  1.3157D-05  0.508
 1.22592958D+14  1.3095D-05  0.508
 1.22286475D+14  1.3033D-05  0.508
 1.21980759D+14  1.2972D-05  0.508
 1.21675807D+14  1.2911D-05  0.508
 1.21371618D+14  1.2851D-05  0.508
 1.21068189D+14  1.2790D-05  0.508
 1.20765518D+14  1.2730D-05  0.508
 1.20463604D+14  1.2670D-05  0.508
 1.20162445D+14  1.2611D-05  0.508
 1.19862039D+14  1.2551D-05  0.508
 1.19562384D+14  1.2492D-05  0.508
 1.19263478D+14  1.2434D-05  0.508
 1.18965319D+14  1.2375D-05  0.508
 1.18667906D+14  1.2317D-05  0.508
 1.18371236D+14  1.2259D-05  0.508
 1.18075308D+14  1.2201D-05  0.508
 1.17780120D+14  1.2144D-05  0.508
 1.17485670D+14  1.2087D-05  0.508
 1.17191956D+14  1.2030D-05  0.508
 1.16898976D+14  1.1973D-05  0.508
 1.16606728D+14  1.1917D-05  0.508
 1.16315211D+14  1.1861D-05  0.508
 1.16024423D+14  1.1805D-05  0.508
 1.15734362D+14  1.1750D-05  0.508
 1.15445026D+14  1.1694D-05  0.508
 1.15156414D+14  1.1639D-05  0.508
 1.14868523D+14  1.1584D-05  0.508
 1.14581352D+14  1.1530D-05  0.508
 1.14294898D+14  1.1476D-05  0.508
 1.14009161D+14  1.1422D-05  0.508
 1.13724138D+14  1.1368D-05  0.507
 1.13439828D+14  1.1314D-05  0.507
 1.13156228D+14  1.1261D-05  0.507
 1.12873338D+14  1.1208D-05  0.507
 1.12591154D+14  1.1155D-05  0.507
 1.12309676D+14  1.1102D-05  0.507
 1.12028902D+14  1.1050D-05  0.507
 1.11748830D+14  1.0998D-05  0.507
 1.11469458D+14  1.0946D-05  0.507
 1.11190784D+14  1.0894D-05  0.507
 1.10912807D+14  1.0843D-05  0.507
 1.10635525D+14  1.0792D-05  0.507
 1.10358936D+14  1.0741D-05  0.507
 1.10083039D+14  1.0690D-05  0.507
 1.09807831D+14  1.0640D-05  0.507
 1.09533312D+14  1.0590D-05  0.507
 1.09259479D+14  1.0540D-05  0.507
 1.08986330D+14  1.0490D-05  0.507
 1.08713864D+14  1.0440D-05  0.507
 1.08442079D+14  1.0391D-05  0.507
 1.08170974D+14  1.0342D-05  0.507
 1.07900547D+14  1.0293D-05  0.507
 1.07630795D+14  1.0245D-05  0.507
 1.07361718D+14  1.0196D-05  0.507
 1.07093314D+14  1.0148D-05  0.507
 1.06825581D+14  1.0100D-05  0.507
 1.06558517D+14  1.0052D-05  0.507
 1.06292121D+14  1.0005D-05  0.507
 1.06026390D+14  9.9575D-06  0.507
 1.05761324D+14  9.9105D-06  0.507
 1.05496921D+14  9.8636D-06  0.507
 1.05233179D+14  9.8170D-06  0.507
 1.04970096D+14  9.7706D-06  0.507
 1.04707670D+14  9.7244D-06  0.507
 1.04445901D+14  9.6784D-06  0.507
 1.04184787D+14  9.6326D-06  0.507
 1.03924325D+14  9.5870D-06  0.507
 1.03664514D+14  9.5417D-06  0.507
 1.03405352D+14  9.4965D-06  0.507
 1.03146839D+14  9.4516D-06  0.507
 1.02888972D+14  9.4069D-06  0.507
 1.02631750D+14  9.3623D-06  0.507
 1.02375170D+14  9.3180D-06  0.507
 1.02119232D+14  9.2739D-06  0.507
 1.01863934D+14  9.2300D-06  0.507
 1.01609274D+14  9.1863D-06  0.507
 1.01355251D+14  9.1428D-06  0.507
 1.01101863D+14  9.0995D-06  0.507
 1.00849108D+14  9.0564D-06  0.507
 1.00596986D+14  9.0135D-06  0.507
 1.00345493D+14  8.9708D-06  0.507
 1.00094629D+14  8.9283D-06  0.506
 9.98443928D+13  8.8860D-06  0.506
 9.95947819D+13  8.8439D-06  0.506
 9.93457949D+13  8.8020D-06  0.506
 9.90974304D+13  8.7602D-06  0.506
 9.88496868D+13  8.7187D-06  0.506
 9.86025626D+13  8.6774D-06  0.506
 9.83560562D+13  8.6362D-06  0.506
 9.81101661D+13  8.5953D-06  0.506
 9.78648907D+13  8.5545D-06  0.506
 9.76202284D+13  8.5140D-06  0.506
 9.73761779D+13  8.4736D-06  0.506
 9.71327374D+13  8.4334D-06  0.506
 9.68899056D+13  8.3934D-06  0.506
 9.66476808D+13  8.3535D-06  0.506
 9.64060616D+13  8.3139D-06  0.506
 9.61650465D+13  8.2744D-06  0.506
 9.59246338D+13  8.2352D-06  0.506
 9.56848223D+13  8.1961D-06  0.506
 9.54456102D+13  8.1572D-06  0.506
 9.52069962D+13  8.1184D-06  0.506
 9.49689787D+13  8.0799D-06  0.506
 9.47315562D+13  8.0415D-06  0.506
 9.44947274D+13  8.0033D-06  0.506
 9.42584905D+13  7.9653D-06  0.506
 9.40228443D+13  7.9275D-06  0.506
 9.37877872D+13  7.8898D-06  0.506
 9.35533177D+13  7.8523D-06  0.506
 9.33194344D+13  7.8150D-06  0.506
 9.30861358D+13  7.7779D-06  0.506
 9.28534205D+13  7.7409D-06  0.506
 9.26212870D+13  7.7041D-06  0.506
 9.23897337D+13  7.6675D-06  0.506
 9.21587594D+13  7.6310D-06  0.506
 9.19283625D+13  7.5947D-06  0.506
 9.16985416D+13  7.5586D-06  0.506
 9.14692952D+13  7.5227D-06  0.506
 9.12406220D+13  7.5088D-06  0.506
 9.10125205D+13  7.4730D-06  0.506
 9.07849892D+13  7.4374D-06  0.506
 9.05580267D+13  7.4019D-06  0.506
 9.03316316D+13  7.3666D-06  0.506
 9.01058025D+13  7.3315D-06  0.506
 8.98805380D+13  7.2966D-06  0.506
 8.96558367D+13  7.2618D-06  0.506
 8.94316971D+13  7.2271D-06  0.506
 8.92081178D+13  7.1927D-06  0.506
 8.89850976D+13  7.1584D-06  0.506
 8.87626348D+13  7.1242D-06  0.506
 8.85407282D+13  7.0902D-06  0.506
 8.83193764D+13  7.0564D-06  0.506
 8.80985780D+13  7.0227D-06  0.506
 8.78783315D+13  6.9892D-06  0.506
 8.76586357D+13  6.9558D-06  0.506
 8.74394891D+13  6.9226D-06  0.506
 8.72208904D+13  6.8896D-06  0.506
 8.70028382D+13  6.8567D-06  0.506
 8.67853311D+13  6.8240D-06  0.506
 8.65683677D+13  6.7914D-06  0.506
 8.63519468D+13  6.7590D-06  0.506
 8.61360669D+13  6.7267D-06  0.506
 8.59207268D+13  6.6945D-06  0.506
 8.57059250D+13  6.6626D-06  0.506
 8.54916601D+13  6.6307D-06  0.506
 8.52779310D+13  6.5991D-06  0.506
 8.50647362D+13  6.5675D-06  0.506
 8.48520743D+13  6.5361D-06  0.506
 8.46399441D+13  6.5049D-06  0.506
 8.44283443D+13  6.4738D-06  0.506
 8.42172734D+13  6.4429D-06  0.506
 8.40067302D+13  6.4121D-06  0.506
 8.37967134D+13  6.3814D-06  0.506
 8.35872216D+13  6.3509D-06  0.506
 8.33782536D+13  6.3205D-06  0.506
 8.31698079D+13  6.2903D-06  0.506
 8.29618834D+13  6.2602D-06  0.506
 8.27544787D+13  6.2303D-06  0.506
 8.25475925D+13  6.2005D-06  0.505
 8.23412235D+13  6.1708D-06  0.505
 8.21353705D+13  6.1413D-06  0.505
 8.19300320D+13  6.1119D-06  0.505
 8.17252070D+13  6.0827D-06  0.505
 8.15208939D+13  6.0536D-06  0.505
 8.13170917D+13  6.0246D-06  0.505
 8.11137990D+13  5.9957D-06  0.505
 8.09110145D+13  5.9670D-06  0.505
 8.07087370D+13  5.9385D-06  0.505
 8.05069651D+13  5.9100D-06  0.505
 8.03056977D+13  5.8817D-06  0.505
 8.01049335D+13  5.8536D-06  0.505
 7.99046711D+13  5.8255D-06  0.505
 7.97049094D+13  5.7976D-06  0.505
 7.95056472D+13  5.7699D-06  0.505
 7.93068830D+13  5.7422D-06  0.505
 7.91086158D+13  5.7147D-06  0.505
 7.89108443D+13  5.6873D-06  0.505
 7.87135672D+13  5.6601D-06  0.505
 7.85167833D+13  5.6330D-06  0.505
 7.83204913D+13  5.6060D-06  0.505
 7.81246901D+13  5.5791D-06  0.505
 7.79293784D+13  5.5524D-06  0.505
 7.77345549D+13  5.5257D-06  0.505
 7.75402185D+13  5.4992D-06  0.505
 7.73463680D+13  5.4729D-06  0.505
 7.71530021D+13  5.4466D-06  0.505
 7.69601196D+13  5.4205D-06  0.505
 7.67677193D+13  5.3945D-06  0.505
 7.65758000D+13  5.3686D-06  0.505
 7.63843605D+13  5.3429D-06  0.505
 7.61933996D+13  5.3173D-06  0.505
 7.60029161D+13  5.2917D-06  0.505
 7.58129088D+13  5.2664D-06  0.505
 7.56233765D+13  5.2411D-06  0.505
 7.54343181D+13  5.2159D-06  0.505
 7.52457323D+13  5.1909D-06  0.505
 7.50576179D+13  5.1660D-06  0.505
 7.48699739D+13  5.1412D-06  0.505
 7.46827990D+13  5.1165D-06  0.505
 7.44960920D+13  5.0919D-06  0.505
 7.43098517D+13  5.0675D-06  0.505
 7.41240771D+13  5.0432D-06  0.505
 7.39387669D+13  5.0189D-06  0.505
 7.37539200D+13  4.9948D-06  0.505
 7.35695352D+13  4.9708D-06  0.505
 7.33856113D+13  4.9470D-06  0.505
 7.32021473D+13  4.9232D-06  0.505
 7.30191420D+13  4.8995D-06  0.505
 7.28365941D+13  4.8760D-06  0.505
 7.26545026D+13  4.8526D-06  0.505
 7.24728664D+13  4.8292D-06  0.505
 7.22916842D+13  4.8060D-06  0.505
 7.21109550D+13  4.7829D-06  0.505
 7.19306776D+13  4.7599D-06  0.505
 7.17508509D+13  4.7371D-06  0.505
 7.15714738D+13  4.7143D-06  0.505
 7.13925451D+13  4.6916D-06  0.505
 7.12140637D+13  4.6691D-06  0.505
 7.10360286D+13  4.6466D-06  0.505
 7.08584385D+13  4.6242D-06  0.505
 7.06812924D+13  4.6020D-06  0.505
 7.05045892D+13  4.5799D-06  0.505
 7.03283277D+13  4.5578D-06  0.505
 7.01525069D+13  4.5359D-06  0.505
 6.99771256D+13  4.5141D-06  0.505
 6.98021828D+13  4.4924D-06  0.505
 6.96276773D+13  4.4707D-06  0.505
 6.94536081D+13  4.4492D-06  0.505
 6.92799741D+13  4.4278D-06  0.505
 6.91067742D+13  4.4065D-06  0.505
 6.89340072D+13  4.3853D-06  0.505
 6.87616722D+13  4.3642D-06  0.505
 6.85897681D+13  4.3431D-06  0.505
 6.84182936D+13  4.3222D-06  0.505
 6.82472479D+13  4.3014D-06  0.505
 6.80766298D+13  4.2807D-06  0.505
 6.79064382D+13  4.2601D-06  0.505
 6.77366721D+13  4.2396D-06  0.505
 6.75673304D+13  4.2191D-06  0.505
 6.73984121D+13  4.1988D-06  0.505
 6.72299161D+13  4.1786D-06  0.505
 6.70618413D+13  4.1639D-06  0.505
 6.68941867D+13  4.1439D-06  0.505
 6.67269512D+13  4.1239D-06  0.505
 6.65601338D+13  4.1040D-06  0.505
 6.63937335D+13  4.0842D-06  0.505
 6.62277492D+13  4.0645D-06  0.505
 6.60621798D+13  4.0449D-06  0.505
 6.58970243D+13  4.0253D-06  0.505
 6.57322818D+13  4.0059D-06  0.505
 6.55679511D+13  3.9866D-06  0.505
 6.54040312D+13  3.9673D-06  0.505
 6.52405211D+13  3.9482D-06  0.505
 6.50774198D+13  3.9291D-06  0.505
 6.49147263D+13  3.9102D-06  0.505
 6.47524395D+13  3.8913D-06  0.505
 6.45905584D+13  3.8725D-06  0.505
 6.44290820D+13  3.8538D-06  0.505
 6.42680093D+13  3.8352D-06  0.505
 6.41073392D+13  3.8167D-06  0.505
 6.39470709D+13  3.7982D-06  0.505
 6.37872032D+13  3.7799D-06  0.505
 6.36277352D+13  3.7616D-06  0.505
 6.34686659D+13  3.7434D-06  0.505
 6.33099942D+13  3.7254D-06  0.505
 6.31517192D+13  3.7073D-06  0.504
 6.29938399D+13  3.6894D-06  0.504
 6.28363553D+13  3.6716D-06  0.504
 6.26792644D+13  3.6539D-06  0.504
 6.25225663D+13  3.6362D-06  0.504
 6.23662598D+13  3.6186D-06  0.504
 6.22103442D+13  3.6011D-06  0.504
 6.20548183D+13  3.5837D-06  0.504
 6.18996813D+13  3.5664D-06  0.504
 6.17449321D+13  3.5491D-06  0.504
 6.15905698D+13  3.5320D-06  0.504
 6.14365933D+13  3.5149D-06  0.504
 6.12830018D+13  3.4979D-06  0.504
 6.11297943D+13  3.4810D-06  0.504
 6.09769699D+13  3.4641D-06  0.504
 6.08245274D+13  3.4474D-06  0.504
 6.06724661D+13  3.4307D-06  0.504
 6.05207849D+13  3.4141D-06  0.504
 6.03694830D+13  3.3976D-06  0.504
 6.02185593D+13  3.3811D-06  0.504
 6.00680129D+13  3.3648D-06  0.504
 5.99178428D+13  3.3485D-06  0.504
 5.97680482D+13  3.3323D-06  0.504
 5.96186281D+13  3.3162D-06  0.504
 5.94695816D+13  3.3001D-06  0.504
 5.93209076D+13  3.2842D-06  0.504
 5.91726053D+13  3.2683D-06  0.504
 5.90246738D+13  3.2525D-06  0.504
 5.88771121D+13  3.2368D-06  0.504
 5.87299193D+13  3.2211D-06  0.504
 5.85830946D+13  3.2055D-06  0.504
 5.84366368D+13  3.1900D-06  0.504
 5.82905452D+13  3.1746D-06  0.504
 5.81448189D+13  3.1592D-06  0.504
 5.79994568D+13  3.1439D-06  0.504
 5.78544582D+13  3.1287D-06  0.504
 5.77098220D+13  3.1136D-06  0.504
 5.75655475D+13  3.0985D-06  0.504
 5.74216336D+13  3.0835D-06  0.504
 5.72780795D+13  3.0686D-06  0.504
 5.71348843D+13  3.0537D-06  0.504
 5.69920471D+13  3.0389D-06  0.504
 5.68495670D+13  3.0242D-06  0.504
 5.67074431D+13  3.0096D-06  0.504
 5.65656745D+13  2.9950D-06  0.504
 5.64242603D+13  2.9805D-06  0.504
 5.62831996D+13  2.9660D-06  0.504
 5.61424916D+13  2.9517D-06  0.504
 5.60021354D+13  2.9374D-06  0.504
 5.58621301D+13  2.9231D-06  0.504
 5.57224747D+13  2.9090D-06  0.504
 5.55831685D+13  2.8949D-06  0.504
 5.54442106D+13  2.8808D-06  0.504
 5.53056001D+13  2.8669D-06  0.504
 5.51673361D+13  2.8530D-06  0.504
 5.50294178D+13  2.8392D-06  0.504
 5.48918442D+13  2.8254D-06  0.504
 5.47546146D+13  2.8117D-06  0.504
 5.46177281D+13  2.7981D-06  0.504
 5.44811837D+13  2.7845D-06  0.504
 5.43449808D+13  2.7710D-06  0.504
 5.42091183D+13  2.7575D-06  0.504
 5.40735955D+13  2.7442D-06  0.504
 5.39384116D+13  2.7309D-06  0.504
 5.38035655D+13  2.7176D-06  0.504
 5.36690566D+13  2.7044D-06  0.504
 5.35348840D+13  2.6913D-06  0.504
 5.34010468D+13  2.6782D-06  0.504
 5.32675441D+13  2.6652D-06  0.504
 5.31343753D+13  2.6523D-06  0.504
 5.30015393D+13  2.6394D-06  0.504
 5.28690355D+13  2.6266D-06  0.504
 5.27368629D+13  2.6139D-06  0.504
 5.26050207D+13  2.6012D-06  0.504
 5.24735082D+13  2.5886D-06  0.504
 5.23423244D+13  2.5760D-06  0.504
 5.22114686D+13  2.5635D-06  0.504
 5.20809399D+13  2.5510D-06  0.504
 5.19507376D+13  2.5386D-06  0.504
 5.18208608D+13  2.5263D-06  0.504
 5.16913086D+13  2.5140D-06  0.504
 5.15620803D+13  2.5018D-06  0.504
 5.14331751D+13  2.4897D-06  0.504
 5.13045922D+13  2.4793D-06  0.504
 5.11763307D+13  2.4673D-06  0.504
 5.10483899D+13  2.4553D-06  0.504
 5.09207689D+13  2.4433D-06  0.504
 5.07934670D+13  2.4315D-06  0.504
 5.06664833D+13  2.4196D-06  0.504
 5.05398171D+13  2.4079D-06  0.504
 5.04134676D+13  2.3962D-06  0.504
 5.02874339D+13  2.3845D-06  0.504
 5.01617153D+13  2.3729D-06  0.504
 5.00363110D+13  2.3614D-06  0.504
 4.99112202D+13  2.3499D-06  0.504
 4.97864422D+13  2.3385D-06  0.504
 4.96619761D+13  2.3271D-06  0.504
 4.95378212D+13  2.3158D-06  0.504
 4.94139766D+13  2.3045D-06  0.504
 4.92904417D+13  2.2933D-06  0.504
 4.91672156D+13  2.2821D-06  0.504
 4.90442975D+13  2.2710D-06  0.504
 4.89216868D+13  2.2599D-06  0.504
 4.87993826D+13  2.2489D-06  0.504
 4.86773841D+13  2.2380D-06  0.504
 4.85556906D+13  2.2271D-06  0.504
 4.84343014D+13  2.2163D-06  0.504
 4.83132157D+13  2.2055D-06  0.504
 4.81924326D+13  2.1947D-06  0.504
 4.80719515D+13  2.1840D-06  0.504
 4.79517717D+13  2.1734D-06  0.504
 4.78318922D+13  2.1628D-06  0.504
 4.77123125D+13  2.1523D-06  0.504
 4.75930317D+13  2.1418D-06  0.504
 4.74740491D+13  2.1314D-06  0.504
 4.73553640D+13  2.1210D-06  0.504
 4.72369756D+13  2.1106D-06  0.504
 4.71188832D+13  2.1004D-06  0.504
 4.70010860D+13  2.0901D-06  0.504
 4.68835832D+13  2.0799D-06  0.504
 4.67663743D+13  2.0698D-06  0.504
 4.66494583D+13  2.0597D-06  0.504
 4.65328347D+13  2.0497D-06  0.504
 4.64165026D+13  2.0397D-06  0.504
 4.63004614D+13  2.0297D-06  0.504
 4.61847102D+13  2.0198D-06  0.504
 4.60692484D+13  2.0100D-06  0.504
 4.59540753D+13  2.0002D-06  0.504
 4.58391901D+13  1.9904D-06  0.504
 4.57245921D+13  1.9807D-06  0.504
 4.56102807D+13  1.9710D-06  0.504
 4.54962550D+13  1.9614D-06  0.504
 4.53825143D+13  1.9519D-06  0.504
 4.52690580D+13  1.9423D-06  0.504
 4.51558854D+13  1.9329D-06  0.504
 4.50429957D+13  1.9234D-06  0.504
 4.49303882D+13  1.9140D-06  0.504
 4.48180622D+13  1.9047D-06  0.504
 4.47060171D+13  1.8954D-06  0.504
 4.45942520D+13  1.8862D-06  0.504
 4.44827664D+13  1.8769D-06  0.504
 4.43715595D+13  1.8678D-06  0.504
 4.42606306D+13  1.8587D-06  0.504
 4.41499790D+13  1.8496D-06  0.504
 4.40396041D+13  1.8406D-06  0.504
 4.39295050D+13  1.8316D-06  0.504
 4.38196813D+13  1.8226D-06  0.504
 4.37101321D+13  1.8137D-06  0.504
 4.36008567D+13  1.8049D-06  0.504
 4.34918546D+13  1.7960D-06  0.504
 4.33831250D+13  1.7873D-06  0.504
 4.32746672D+13  1.7785D-06  0.504
 4.31664805D+13  1.7698D-06  0.504
 4.30585643D+13  1.7612D-06  0.504
 4.29509179D+13  1.7526D-06  0.504
 4.28435406D+13  1.7440D-06  0.504
 4.27364317D+13  1.7355D-06  0.504
 4.26295907D+13  1.7270D-06  0.504
 4.25230167D+13  1.7186D-06  0.504
 4.24167091D+13  1.7102D-06  0.504
 4.23106674D+13  1.7018D-06  0.504
 4.22048907D+13  1.6935D-06  0.504
 4.20993785D+13  1.6852D-06  0.504
 4.19941300D+13  1.6770D-06  0.504
 4.18891447D+13  1.6688D-06  0.504
 4.17844218D+13  1.6606D-06  0.504
 4.16799608D+13  1.6525D-06  0.504
 4.15757609D+13  1.6444D-06  0.504
 4.14718215D+13  1.6363D-06  0.504
 4.13681419D+13  1.6283D-06  0.504
 4.12647216D+13  1.6204D-06  0.504
 4.11615598D+13  1.6124D-06  0.504
 4.10586559D+13  1.6046D-06  0.504
 4.09560092D+13  1.5967D-06  0.504
 4.08536192D+13  1.5889D-06  0.504
 4.07514852D+13  1.5811D-06  0.504
 4.06496064D+13  1.5734D-06  0.504
 4.05479824D+13  1.5664D-06  0.504
 4.04466125D+13  1.5587D-06  0.504
 4.03454959D+13  1.5511D-06  0.504
 4.02446322D+13  1.5435D-06  0.504
 4.01440206D+13  1.5359D-06  0.504
 4.00436606D+13  1.5284D-06  0.504
 3.99435514D+13  1.5209D-06  0.504
 3.98436925D+13  1.5135D-06  0.504
 3.97440833D+13  1.5060D-06  0.504
 3.96447231D+13  1.4987D-06  0.504
 3.95456113D+13  1.4913D-06  0.504
 3.94467473D+13  1.4840D-06  0.504
 3.93481304D+13  1.4767D-06  0.504
 3.92497601D+13  1.4695D-06  0.504
 3.91516357D+13  1.4623D-06  0.504
 3.90537566D+13  1.4551D-06  0.504
 3.89561222D+13  1.4480D-06  0.504
 3.88587319D+13  1.4409D-06  0.504
 3.87615850D+13  1.4338D-06  0.504
 3.86646811D+13  1.4268D-06  0.504
 3.85680194D+13  1.4198D-06  0.504
 3.84715993D+13  1.4129D-06  0.504
 3.83754203D+13  1.4059D-06  0.504
 3.82794818D+13  1.3990D-06  0.504
 3.81837831D+13  1.3922D-06  0.504
 3.80883236D+13  1.3853D-06  0.504
 3.79931028D+13  1.3785D-06  0.504
 3.78981201D+13  1.3718D-06  0.504
 3.78033748D+13  1.3651D-06  0.504
 3.77088663D+13  1.3584D-06  0.504
 3.76145942D+13  1.3517D-06  0.504
 3.75205577D+13  1.3451D-06  0.504
 3.74267563D+13  1.3385D-06  0.504
 3.73331894D+13  1.3319D-06  0.504
 3.72398564D+13  1.3254D-06  0.504
 3.71467568D+13  1.3188D-06  0.504
 3.70538899D+13  1.3124D-06  0.504
 3.69612552D+13  1.3059D-06  0.504
 3.68688520D+13  1.2995D-06  0.504
 3.67766799D+13  1.2931D-06  0.504
 3.66847382D+13  1.2868D-06  0.504
 3.65930263D+13  1.2805D-06  0.504
 3.65015438D+13  1.2742D-06  0.504
 3.64102899D+13  1.2679D-06  0.504
 3.63192642D+13  1.2617D-06  0.504
 3.62284660D+13  1.2555D-06  0.504
 3.61378949D+13  1.2493D-06  0.504
 3.60475501D+13  1.2432D-06  0.504
 3.59574313D+13  1.2371D-06  0.504
 3.58675377D+13  1.2310D-06  0.504
 3.57778688D+13  1.2250D-06  0.504
 3.56884242D+13  1.2189D-06  0.504
 3.55992031D+13  1.2129D-06  0.504
 3.55102051D+13  1.2070D-06  0.504
 3.54214296D+13  1.2011D-06  0.504
 3.53328760D+13  1.1951D-06  0.504
 3.52445438D+13  1.1893D-06  0.504
 3.51564325D+13  1.1834D-06  0.504
 3.50685414D+13  1.1776D-06  0.504
 3.49808700D+13  1.1718D-06  0.504
 3.48934178D+13  1.1661D-06  0.504
 3.48061843D+13  1.1603D-06  0.504
 3.47191688D+13  1.1546D-06  0.504
 3.46323709D+13  1.1489D-06  0.504
 3.45457900D+13  1.1433D-06  0.504
 3.44594255D+13  1.1377D-06  0.504
 3.43732769D+13  1.1321D-06  0.504
 3.42873438D+13  1.1265D-06  0.504
 3.42016254D+13  1.1209D-06  0.504
 3.41161213D+13  1.1154D-06  0.504
 3.40308310D+13  1.1099D-06  0.504
 3.39457540D+13  1.1045D-06  0.504
 3.38608896D+13  1.0990D-06  0.504
 3.37762373D+13  1.0936D-06  0.504
 3.36917968D+13  1.0883D-06  0.504
 3.36075673D+13  1.0829D-06  0.504
 3.35235483D+13  1.0776D-06  0.504
 3.34397395D+13  1.0723D-06  0.504
 3.33561401D+13  1.0670D-06  0.504
 3.32727498D+13  1.0617D-06  0.504
 3.32229341D+13  1.0586D-06  0.504
 3.31895679D+13  1.0565D-06  0.504
 3.31065940D+13  1.0513D-06  0.504
 3.30238275D+13  1.0461D-06  0.504
 3.29412679D+13  1.0410D-06  0.504
 3.25650543D+13  1.0180D-06  0.504
 3.09868016D+13  9.2284D-07  0.504
 2.94085488D+13  8.3220D-07  0.504
 2.78302961D+13  7.4608D-07  0.504
 2.62520434D+13  6.6466D-07  0.504
 2.46737907D+13  5.8764D-07  0.504
 2.30955380D+13  5.1522D-07  0.504
 2.15172853D+13  4.4751D-07  0.504
 1.99390326D+13  3.8437D-07  0.504
 1.83607798D+13  3.2598D-07  0.504
 1.67825271D+13  2.7225D-07  0.504
 1.52042744D+13  2.2332D-07  0.504
 1.36260217D+13  1.7916D-07  0.504
 1.20477690D+13  1.3982D-07  0.504
 1.04695163D+13  1.0533D-07  0.504
 8.89126357D+12  7.5712D-08  0.504
 7.31301085D+12  5.0991D-08  0.504
 5.73475814D+12  3.1174D-08  0.503
 4.15650543D+12  1.6254D-08  0.503
 2.57825271D+12  6.1952D-09  0.502
 1.00000000D+12  9.2245D-10  0.501
