 2.63151954D+16  1.8761D-42  0.378
 2.53382438D+16  6.2848D-41  0.386
 2.43612921D+16  2.0997D-39  0.394
 2.33843405D+16  6.9913D-38  0.402
 2.24073889D+16  2.3179D-36  0.410
 2.14304373D+16  7.6454D-35  0.418
 2.04534856D+16  2.5061D-33  0.426
 1.94765340D+16  8.1547D-32  0.435
 1.84995824D+16  2.6305D-30  0.443
 1.75226307D+16  8.3998D-29  0.451
 1.65456791D+16  2.6506D-27  0.459
 1.62200286D+16  8.3515D-27  0.462
 1.58943780D+16  2.6271D-26  0.464
 1.55687275D+16  8.2501D-26  0.467
 1.52430769D+16  2.5863D-25  0.469
 1.49174264D+16  8.0924D-25  0.472
 1.45917758D+16  2.5271D-24  0.474
 1.42661253D+16  7.8756D-24  0.477
 1.39404748D+16  2.4491D-23  0.479
 1.36148242D+16  7.5985D-23  0.482
 1.32891737D+16  2.3519D-22  0.484
 1.30260217D+16  3.6952D-22  0.551
 1.29934567D+16  4.1347D-22  0.551
 1.29609730D+16  4.6251D-22  0.552
 1.29285706D+16  5.1720D-22  0.552
 1.28962492D+16  5.7819D-22  0.552
 1.28640085D+16  6.4617D-22  0.553
 1.28318485D+16  7.2191D-22  0.553
 1.27997689D+16  8.0629D-22  0.553
 1.27677695D+16  9.0026D-22  0.553
 1.27358501D+16  1.0049D-21  0.554
 1.27040104D+16  1.1213D-21  0.554
 1.26722504D+16  1.2509D-21  0.554
 1.26405698D+16  1.3949D-21  0.554
 1.26089684D+16  1.5552D-21  0.555
 1.25774459D+16  1.7332D-21  0.555
 1.25460023D+16  1.9312D-21  0.555
 1.25146373D+16  2.1510D-21  0.555
 1.24833507D+16  2.3952D-21  0.556
 1.24521423D+16  2.6663D-21  0.556
 1.24210120D+16  2.9673D-21  0.556
 1.23899595D+16  3.2991D-21  0.556
 1.23589846D+16  3.6669D-21  0.557
 1.23280871D+16  4.0745D-21  0.557
 1.22972669D+16  4.5260D-21  0.557
 1.22665237D+16  5.0261D-21  0.557
 1.22358574D+16  5.5798D-21  0.558
 1.22052678D+16  6.1927D-21  0.558
 1.21747546D+16  6.8708D-21  0.558
 1.21443177D+16  7.6209D-21  0.558
 1.21139569D+16  8.4505D-21  0.558
 1.20836720D+16  9.3675D-21  0.559
 1.20534628D+16  1.0381D-20  0.559
 1.20233292D+16  1.1501D-20  0.559
 1.19932709D+16  1.2738D-20  0.559
 1.19632877D+16  1.4104D-20  0.559
 1.19333795D+16  1.5612D-20  0.560
 1.19035460D+16  1.7276D-20  0.560
 1.18737871D+16  1.9112D-20  0.560
 1.18441027D+16  2.1137D-20  0.560
 1.18144924D+16  2.3369D-20  0.560
 1.17849562D+16  2.5831D-20  0.561
 1.17554938D+16  2.8543D-20  0.561
 1.17261051D+16  3.1531D-20  0.561
 1.16967898D+16  3.4822D-20  0.561
 1.16675478D+16  3.8446D-20  0.561
 1.16383790D+16  4.2435D-20  0.561
 1.16092830D+16  4.6824D-20  0.562
 1.15802598D+16  5.1653D-20  0.562
 1.15513092D+16  5.6965D-20  0.562
 1.15224309D+16  6.2804D-20  0.562
 1.14936248D+16  6.9223D-20  0.562
 1.14648907D+16  7.6277D-20  0.563
 1.14362285D+16  8.4027D-20  0.563
 1.14076379D+16  9.2538D-20  0.563
 1.13791189D+16  1.0188D-19  0.563
 1.13506711D+16  1.1214D-19  0.563
 1.13222944D+16  1.2340D-19  0.563
 1.12939886D+16  1.3575D-19  0.564
 1.12657537D+16  1.4929D-19  0.564
 1.12375893D+16  1.6415D-19  0.564
 1.12094953D+16  1.8043D-19  0.564
 1.11814716D+16  1.9827D-19  0.564
 1.11535179D+16  2.1782D-19  0.564
 1.11256341D+16  2.3923D-19  0.565
 1.10978200D+16  2.6267D-19  0.565
 1.10700755D+16  2.8834D-19  0.565
 1.10424003D+16  3.1642D-19  0.565
 1.10147943D+16  3.4716D-19  0.565
 1.09872573D+16  3.8077D-19  0.565
 1.09597891D+16  4.1753D-19  0.565
 1.09323897D+16  4.5772D-19  0.566
 1.09050587D+16  5.0164D-19  0.566
 1.08777961D+16  5.4963D-19  0.566
 1.08506016D+16  6.0206D-19  0.566
 1.08234751D+16  6.5932D-19  0.566
 1.07964164D+16  7.2183D-19  0.566
 1.07694253D+16  7.9007D-19  0.566
 1.07425018D+16  8.6453D-19  0.567
 1.07156455D+16  9.4576D-19  0.567
 1.06888564D+16  1.0344D-18  0.567
 1.06621343D+16  1.1310D-18  0.567
 1.06354789D+16  1.2363D-18  0.567
 1.06088902D+16  1.3511D-18  0.567
 1.05823680D+16  1.4761D-18  0.567
 1.05559121D+16  1.6123D-18  0.568
 1.05295223D+16  1.7607D-18  0.568
 1.05031985D+16  1.9222D-18  0.568
 1.04769405D+16  2.0980D-18  0.568
 1.04507481D+16  2.2893D-18  0.568
 1.04246213D+16  2.4974D-18  0.568
 1.03985597D+16  2.7237D-18  0.568
 1.03725633D+16  2.9698D-18  0.568
 1.03466319D+16  3.2374D-18  0.569
 1.03207653D+16  3.5282D-18  0.569
 1.02949634D+16  3.8441D-18  0.569
 1.02692260D+16  4.1873D-18  0.569
 1.02435529D+16  4.5600D-18  0.569
 1.02179441D+16  4.9647D-18  0.569
 1.01923992D+16  5.4039D-18  0.569
 1.01669182D+16  5.8806D-18  0.569
 1.01415009D+16  6.3978D-18  0.570
 1.01161472D+16  6.9587D-18  0.570
 1.00908568D+16  7.5670D-18  0.570
 1.00656297D+16  8.2265D-18  0.570
 1.00404656D+16  8.9414D-18  0.570
 1.00153644D+16  9.7159D-18  0.570
 9.99032600D+15  1.0555D-17  0.570
 9.96535019D+15  1.1464D-17  0.570
 9.94043681D+15  1.2448D-17  0.570
 9.91558572D+15  1.3514D-17  0.571
 9.89079675D+15  1.4667D-17  0.571
 9.86606976D+15  1.5915D-17  0.571
 9.84140459D+15  1.7265D-17  0.571
 9.81680108D+15  1.8725D-17  0.571
 9.79225907D+15  2.0303D-17  0.571
 9.76777843D+15  2.2010D-17  0.571
 9.74335898D+15  2.3855D-17  0.571
 9.71900058D+15  2.5848D-17  0.571
 9.69470308D+15  2.8001D-17  0.571
 9.67046632D+15  3.0327D-17  0.572
 9.64629016D+15  3.2838D-17  0.572
 9.62217443D+15  3.5548D-17  0.572
 9.59811900D+15  3.8474D-17  0.572
 9.57412370D+15  4.1631D-17  0.572
 9.55018839D+15  4.5037D-17  0.572
 9.52631292D+15  4.8711D-17  0.572
 9.50249714D+15  5.2671D-17  0.572
 9.47874089D+15  5.6942D-17  0.572
 9.45504404D+15  6.1544D-17  0.572
 9.43140643D+15  6.6504D-17  0.572
 9.40782792D+15  7.1847D-17  0.572
 9.38430835D+15  7.7602D-17  0.573
 9.36084757D+15  8.3799D-17  0.573
 9.33744546D+15  9.0471D-17  0.573
 9.31410184D+15  9.7652D-17  0.573
 9.29081659D+15  1.0538D-16  0.573
 9.26758955D+15  1.1369D-16  0.573
 9.24442057D+15  1.2264D-16  0.573
 9.22130952D+15  1.3226D-16  0.573
 9.19825625D+15  1.4260D-16  0.573
 9.17526061D+15  1.5371D-16  0.573
 9.15232245D+15  1.6566D-16  0.573
 9.12944165D+15  1.7849D-16  0.573
 9.10661804D+15  1.9228D-16  0.573
 9.08385150D+15  2.0709D-16  0.574
 9.06114187D+15  2.2299D-16  0.574
 9.03848902D+15  2.4007D-16  0.574
 9.01589279D+15  2.5839D-16  0.574
 8.99335306D+15  2.7805D-16  0.574
 8.97086968D+15  2.9914D-16  0.574
 8.94844250D+15  3.2177D-16  0.574
 8.92607140D+15  3.4603D-16  0.574
 8.90375622D+15  3.7205D-16  0.574
 8.88149683D+15  3.9993D-16  0.574
 8.85929309D+15  4.2982D-16  0.574
 8.83714485D+15  4.6184D-16  0.574
 8.81505199D+15  4.9614D-16  0.574
 8.79301436D+15  5.3288D-16  0.574
 8.77103183D+15  5.7222D-16  0.574
 8.74910425D+15  6.1434D-16  0.574
 8.72723149D+15  6.5942D-16  0.575
 8.70541341D+15  7.0767D-16  0.575
 8.68364987D+15  7.5928D-16  0.575
 8.66194075D+15  8.1450D-16  0.575
 8.64028590D+15  8.7355D-16  0.575
 8.61868518D+15  9.3669D-16  0.575
 8.59713847D+15  1.0042D-15  0.575
 8.57564562D+15  1.0763D-15  0.575
 8.55420651D+15  1.1534D-15  0.575
 8.53282099D+15  1.2358D-15  0.575
 8.51148894D+15  1.3238D-15  0.575
 8.49021022D+15  1.4177D-15  0.575
 8.46898469D+15  1.5181D-15  0.575
 8.44781223D+15  1.6252D-15  0.575
 8.42669270D+15  1.7395D-15  0.575
 8.40562597D+15  1.8615D-15  0.575
 8.38461190D+15  1.9916D-15  0.575
 8.36365037D+15  2.1305D-15  0.575
 8.34274125D+15  2.2785D-15  0.575
 8.32188439D+15  2.4364D-15  0.575
 8.30107968D+15  2.6047D-15  0.575
 8.28032698D+15  2.7840D-15  0.575
 8.25962617D+15  2.9752D-15  0.576
 8.23897710D+15  3.1788D-15  0.576
 8.21837966D+15  3.3957D-15  0.576
 8.19783371D+15  3.6268D-15  0.576
 8.17733913D+15  3.8728D-15  0.576
 8.15689578D+15  4.1347D-15  0.576
 8.13650354D+15  4.4134D-15  0.576
 8.11616228D+15  4.7101D-15  0.576
 8.09587187D+15  5.0257D-15  0.576
 8.07563219D+15  5.3615D-15  0.576
 8.05544311D+15  5.7186D-15  0.576
 8.03530451D+15  6.0983D-15  0.576
 8.01521624D+15  6.5021D-15  0.576
 7.99517820D+15  6.9312D-15  0.576
 7.97519026D+15  7.3873D-15  0.576
 7.95525228D+15  7.8720D-15  0.576
 7.93536415D+15  8.3869D-15  0.576
 7.91552574D+15  8.9337D-15  0.576
 7.89573693D+15  9.5145D-15  0.576
 7.87599759D+15  1.0131D-14  0.576
 7.85630759D+15  1.0786D-14  0.576
 7.83666682D+15  1.1481D-14  0.576
 7.81707516D+15  1.2218D-14  0.576
 7.79753247D+15  1.3000D-14  0.576
 7.77803864D+15  1.3830D-14  0.576
 7.75859354D+15  1.4711D-14  0.576
 7.73919706D+15  1.5644D-14  0.576
 7.71984906D+15  1.6634D-14  0.576
 7.70054944D+15  1.7683D-14  0.576
 7.68129807D+15  1.8794D-14  0.576
 7.66209482D+15  1.9973D-14  0.576
 7.64293958D+15  2.1221D-14  0.576
 7.62383224D+15  2.2543D-14  0.576
 7.60477266D+15  2.3943D-14  0.576
 7.58576072D+15  2.5426D-14  0.576
 7.56679632D+15  2.6996D-14  0.576
 7.54787933D+15  2.8658D-14  0.576
 7.52900963D+15  3.0416D-14  0.576
 7.51018711D+15  3.2277D-14  0.576
 7.49141164D+15  3.4246D-14  0.576
 7.47268311D+15  3.6328D-14  0.576
 7.45400140D+15  3.8531D-14  0.576
 7.43536640D+15  4.0859D-14  0.577
 7.41677798D+15  4.3322D-14  0.577
 7.39823604D+15  4.5924D-14  0.577
 7.37974045D+15  4.8675D-14  0.577
 7.36129110D+15  5.1581D-14  0.577
 7.34288787D+15  5.4651D-14  0.577
 7.32453065D+15  5.7895D-14  0.577
 7.30621932D+15  6.1320D-14  0.577
 7.28795378D+15  6.4938D-14  0.577
 7.26973389D+15  6.8756D-14  0.577
 7.25155956D+15  7.2788D-14  0.577
 7.23343066D+15  7.7042D-14  0.577
 7.21534708D+15  8.1532D-14  0.577
 7.19730871D+15  8.6268D-14  0.577
 7.17931544D+15  9.1265D-14  0.577
 7.16136715D+15  9.6535D-14  0.577
 7.14346373D+15  1.0209D-13  0.577
 7.12560508D+15  1.0795D-13  0.577
 7.10779106D+15  1.1413D-13  0.577
 7.09002159D+15  1.2064D-13  0.577
 7.07229653D+15  1.2750D-13  0.577
 7.05461579D+15  1.3473D-13  0.577
 7.03697925D+15  1.4234D-13  0.577
 7.01938680D+15  1.5037D-13  0.577
 7.00183834D+15  1.5881D-13  0.577
 6.98433374D+15  1.6771D-13  0.577
 6.96687291D+15  1.7707D-13  0.577
 6.94945572D+15  1.8693D-13  0.577
 6.93208208D+15  1.9731D-13  0.577
 6.91475188D+15  2.0822D-13  0.577
 6.89746500D+15  2.1971D-13  0.577
 6.88022134D+15  2.3179D-13  0.577
 6.86302078D+15  2.4450D-13  0.577
 6.84586323D+15  2.5786D-13  0.577
 6.82874857D+15  2.7192D-13  0.577
 6.81167670D+15  2.8669D-13  0.577
 6.79464751D+15  3.0222D-13  0.577
 6.77766089D+15  3.1853D-13  0.577
 6.76071674D+15  3.3568D-13  0.577
 6.74381495D+15  3.5370D-13  0.577
 6.72695541D+15  3.7262D-13  0.577
 6.71013802D+15  3.9250D-13  0.576
 6.69336268D+15  4.1337D-13  0.576
 6.67662927D+15  4.3528D-13  0.576
 6.65993770D+15  4.5829D-13  0.576
 6.64328785D+15  4.8244D-13  0.576
 6.62667963D+15  5.0778D-13  0.576
 6.61011293D+15  5.3437D-13  0.576
 6.59358765D+15  5.6227D-13  0.576
 6.57710368D+15  5.9154D-13  0.576
 6.56066092D+15  6.2223D-13  0.576
 6.54425927D+15  6.5442D-13  0.576
 6.52789862D+15  6.8818D-13  0.576
 6.51157888D+15  7.2356D-13  0.576
 6.49529993D+15  7.6065D-13  0.576
 6.47906168D+15  7.9952D-13  0.576
 6.46286402D+15  8.4025D-13  0.576
 6.44670686D+15  8.8293D-13  0.576
 6.43059010D+15  9.2764D-13  0.576
 6.41451362D+15  9.7447D-13  0.576
 6.39847734D+15  1.0235D-12  0.576
 6.38248114D+15  1.0749D-12  0.576
 6.36652494D+15  1.1286D-12  0.576
 6.35060863D+15  1.1849D-12  0.576
 6.33473211D+15  1.2438D-12  0.576
 6.31889528D+15  1.3055D-12  0.576
 6.30309804D+15  1.3700D-12  0.576
 6.28734029D+15  1.4374D-12  0.576
 6.27162194D+15  1.5080D-12  0.576
 6.25594289D+15  1.5818D-12  0.576
 6.24030303D+15  1.6590D-12  0.576
 6.22470227D+15  1.7398D-12  0.576
 6.20914052D+15  1.8242D-12  0.576
 6.19361767D+15  1.9124D-12  0.576
 6.17813362D+15  2.0046D-12  0.576
 6.16268829D+15  2.1009D-12  0.576
 6.14728157D+15  2.2016D-12  0.576
 6.13191336D+15  2.3067D-12  0.576
 6.11658358D+15  2.4166D-12  0.576
 6.10129212D+15  2.5313D-12  0.576
 6.08603889D+15  2.6511D-12  0.576
 6.07082379D+15  2.7762D-12  0.576
 6.05564673D+15  2.9068D-12  0.576
 6.04050762D+15  3.0431D-12  0.576
 6.02540635D+15  3.1854D-12  0.576
 6.01034283D+15  3.3338D-12  0.576
 5.99531698D+15  3.4887D-12  0.576
 5.98032868D+15  3.6503D-12  0.576
 5.96537786D+15  3.8189D-12  0.576
 5.95046442D+15  3.9947D-12  0.576
 5.93558826D+15  4.7589D-11  0.564
 5.92074929D+15  1.0794D-10  0.591
 5.90594741D+15  1.3360D-10  0.612
 5.89118254D+15  1.4523D-10  0.618
 5.87645459D+15  1.5480D-10  0.621
 5.86176345D+15  1.6148D-10  0.621
 5.84710904D+15  1.6843D-10  0.621
 5.83249127D+15  1.7565D-10  0.621
 5.81791004D+15  1.8316D-10  0.620
 5.80336527D+15  1.9097D-10  0.620
 5.78885685D+15  1.9909D-10  0.620
 5.77438471D+15  2.0753D-10  0.620
 5.75994875D+15  2.1631D-10  0.620
 5.74554888D+15  2.2542D-10  0.619
 5.73118500D+15  2.3489D-10  0.619
 5.71685704D+15  2.4473D-10  0.619
 5.70256490D+15  2.5496D-10  0.619
 5.68830849D+15  2.6557D-10  0.618
 5.67408772D+15  2.7660D-10  0.618
 5.65990250D+15  2.8805D-10  0.618
 5.64575274D+15  2.9994D-10  0.618
 5.63163836D+15  3.1228D-10  0.618
 5.61755926D+15  3.2509D-10  0.617
 5.60351536D+15  3.3839D-10  0.617
 5.58950658D+15  3.5219D-10  0.617
 5.57553281D+15  3.6652D-10  0.617
 5.56159398D+15  3.8138D-10  0.616
 5.54768999D+15  3.9679D-10  0.616
 5.53382077D+15  4.1279D-10  0.616
 5.51998622D+15  4.2937D-10  0.616
 5.50618625D+15  4.4658D-10  0.616
 5.49242078D+15  4.6441D-10  0.615
 5.47868973D+15  4.8291D-10  0.615
 5.46499301D+15  5.0209D-10  0.615
 5.45133053D+15  5.2196D-10  0.615
 5.43770220D+15  5.4257D-10  0.614
 5.42410794D+15  5.6392D-10  0.614
 5.41054767D+15  5.8605D-10  0.614
 5.39702131D+15  6.0897D-10  0.614
 5.38352875D+15  6.3273D-10  0.614
 5.37006993D+15  6.5733D-10  0.613
 5.35664476D+15  6.8282D-10  0.613
 5.34325314D+15  7.0922D-10  0.613
 5.32989501D+15  7.3655D-10  0.613
 5.31657027D+15  7.6486D-10  0.612
 5.30327885D+15  7.9416D-10  0.612
 5.29002065D+15  8.2450D-10  0.612
 5.27679560D+15  8.5590D-10  0.612
 5.26360361D+15  8.8840D-10  0.611
 5.25044460D+15  9.2203D-10  0.611
 5.23731849D+15  9.5683D-10  0.611
 5.22422519D+15  9.9284D-10  0.611
 5.21116463D+15  1.0301D-09  0.610
 5.19813672D+15  1.0686D-09  0.610
 5.18514138D+15  1.1085D-09  0.610
 5.17217852D+15  1.1497D-09  0.610
 5.15924808D+15  1.1923D-09  0.609
 5.14634996D+15  1.2364D-09  0.609
 5.13348408D+15  1.2820D-09  0.609
 5.12065037D+15  1.3291D-09  0.609
 5.10784875D+15  1.3778D-09  0.608
 5.09507912D+15  1.4281D-09  0.608
 5.08234143D+15  1.4801D-09  0.608
 5.06963557D+15  1.5339D-09  0.608
 5.05696148D+15  1.5894D-09  0.608
 5.04431908D+15  1.6468D-09  0.607
 5.03170828D+15  1.7060D-09  0.607
 5.01912901D+15  1.7672D-09  0.607
 5.00658119D+15  1.8304D-09  0.607
 4.99406474D+15  1.8957D-09  0.606
 4.98157957D+15  1.9631D-09  0.606
 4.96912562D+15  2.0327D-09  0.606
 4.95670281D+15  2.1046D-09  0.606
 4.94431105D+15  2.1787D-09  0.605
 4.93195028D+15  2.2553D-09  0.605
 4.91962040D+15  2.3343D-09  0.605
 4.90732135D+15  2.4158D-09  0.605
 4.89505305D+15  2.4999D-09  0.604
 4.88281541D+15  2.5867D-09  0.604
 4.87060838D+15  2.6762D-09  0.604
 4.85843185D+15  2.7686D-09  0.604
 4.84628577D+15  2.8638D-09  0.603
 4.83417006D+15  2.9621D-09  0.603
 4.82208463D+15  3.0634D-09  0.603
 4.81002942D+15  3.1678D-09  0.602
 4.79800435D+15  3.2755D-09  0.602
 4.78600934D+15  3.3865D-09  0.602
 4.77404432D+15  3.5010D-09  0.602
 4.76210920D+15  3.6189D-09  0.601
 4.75020393D+15  3.7405D-09  0.601
 4.73832842D+15  3.8658D-09  0.601
 4.72648260D+15  3.9948D-09  0.601
 4.71466639D+15  4.1278D-09  0.600
 4.70287973D+15  4.2648D-09  0.600
 4.69112253D+15  4.4059D-09  0.600
 4.67939472D+15  4.5513D-09  0.600
 4.66769624D+15  4.7010D-09  0.599
 4.65602700D+15  4.8552D-09  0.599
 4.64438693D+15  5.0139D-09  0.599
 4.63277596D+15  5.1773D-09  0.599
 4.62119402D+15  5.3456D-09  0.598
 4.60964104D+15  5.5188D-09  0.598
 4.59811693D+15  5.6971D-09  0.598
 4.58662164D+15  5.8806D-09  0.598
 4.57515509D+15  6.0694D-09  0.597
 4.56371720D+15  6.2637D-09  0.597
 4.55230791D+15  6.4637D-09  0.597
 4.54092714D+15  6.6693D-09  0.597
 4.52957482D+15  6.8809D-09  0.596
 4.51825088D+15  7.0986D-09  0.596
 4.50695525D+15  7.3225D-09  0.596
 4.49568787D+15  7.5527D-09  0.596
 4.48444865D+15  7.7894D-09  0.595
 4.47323752D+15  8.0329D-09  0.595
 4.46205443D+15  8.2832D-09  0.595
 4.45089929D+15  8.5405D-09  0.595
 4.43977205D+15  8.8050D-09  0.594
 4.42867262D+15  9.0769D-09  0.594
 4.41760093D+15  9.3563D-09  0.594
 4.40655693D+15  9.6435D-09  0.594
 4.39554054D+15  9.9385D-09  0.593
 4.38455169D+15  1.0242D-08  0.593
 4.37359031D+15  1.0553D-08  0.593
 4.36265633D+15  1.0873D-08  0.592
 4.35174969D+15  1.1202D-08  0.592
 4.34087032D+15  1.1540D-08  0.592
 4.33001814D+15  1.1886D-08  0.592
 4.31919310D+15  1.2242D-08  0.591
 4.30839511D+15  1.2608D-08  0.591
 4.29762413D+15  1.2984D-08  0.591
 4.28688007D+15  1.3369D-08  0.591
 4.27616287D+15  1.3765D-08  0.590
 4.26547246D+15  1.4171D-08  0.590
 4.25480878D+15  1.4588D-08  0.590
 4.24417176D+15  1.5016D-08  0.590
 4.23356133D+15  1.5455D-08  0.589
 4.22297742D+15  1.5905D-08  0.589
 4.21241998D+15  1.6368D-08  0.589
 4.20188893D+15  1.6842D-08  0.589
 4.19138421D+15  1.7328D-08  0.588
 4.18090575D+15  1.7828D-08  0.588
 4.17045348D+15  1.8339D-08  0.588
 4.16002735D+15  1.8864D-08  0.588
 4.14962728D+15  1.9403D-08  0.587
 4.13925321D+15  1.9955D-08  0.587
 4.12890508D+15  2.0521D-08  0.587
 4.11858282D+15  2.1101D-08  0.587
 4.10828636D+15  2.1696D-08  0.586
 4.09801564D+15  2.2306D-08  0.586
 4.08777060D+15  2.2931D-08  0.586
 4.07755118D+15  2.3572D-08  0.586
 4.06735730D+15  2.4228D-08  0.585
 4.05718891D+15  2.4901D-08  0.585
 4.04704593D+15  2.5590D-08  0.585
 4.03692832D+15  2.6296D-08  0.585
 4.02683600D+15  2.7020D-08  0.584
 4.01676891D+15  2.7761D-08  0.584
 4.00672699D+15  2.8520D-08  0.584
 3.99671017D+15  2.9298D-08  0.584
 3.98671839D+15  3.0094D-08  0.583
 3.97675160D+15  3.0909D-08  0.583
 3.96680972D+15  3.1744D-08  0.583
 3.95689269D+15  3.2599D-08  0.583
 3.94700046D+15  3.3474D-08  0.582
 3.93713296D+15  3.4370D-08  0.582
 3.92729013D+15  3.5287D-08  0.582
 3.91747190D+15  3.6226D-08  0.582
 3.90767822D+15  3.7187D-08  0.581
 3.89790903D+15  3.8170D-08  0.581
 3.88816426D+15  3.9176D-08  0.581
 3.87844385D+15  4.0205D-08  0.581
 3.86874774D+15  4.1258D-08  0.581
 3.85907587D+15  4.2335D-08  0.580
 3.84942818D+15  4.3437D-08  0.580
 3.83980461D+15  4.4565D-08  0.580
 3.83020509D+15  4.5718D-08  0.580
 3.82062958D+15  4.6897D-08  0.579
 3.81107801D+15  4.8103D-08  0.579
 3.80155031D+15  4.9336D-08  0.579
 3.79204644D+15  5.0596D-08  0.579
 3.78256632D+15  5.1885D-08  0.578
 3.77310991D+15  5.3203D-08  0.578
 3.76367713D+15  5.4550D-08  0.578
 3.75426794D+15  5.5927D-08  0.578
 3.74488227D+15  5.7334D-08  0.577
 3.73552006D+15  5.8772D-08  0.577
 3.72618126D+15  6.0241D-08  0.577
 3.71686581D+15  6.1743D-08  0.577
 3.70757364D+15  6.3277D-08  0.576
 3.69830471D+15  6.4844D-08  0.576
 3.68905895D+15  6.6445D-08  0.576
 3.67983630D+15  6.8081D-08  0.576
 3.67063671D+15  6.9752D-08  0.576
 3.66146012D+15  7.1458D-08  0.575
 3.65230647D+15  7.3201D-08  0.575
 3.64317570D+15  7.4980D-08  0.575
 3.63406776D+15  7.6797D-08  0.575
 3.62498259D+15  7.8652D-08  0.574
 3.61592014D+15  8.0546D-08  0.574
 3.60688034D+15  8.2480D-08  0.574
 3.59786314D+15  8.4454D-08  0.574
 3.58886848D+15  8.6469D-08  0.574
 3.57989631D+15  8.8525D-08  0.573
 3.57094657D+15  9.0623D-08  0.573
 3.56201920D+15  9.2765D-08  0.573
 3.55311415D+15  9.4950D-08  0.573
 3.54423137D+15  9.7180D-08  0.572
 3.53537079D+15  9.9455D-08  0.572
 3.52653236D+15  1.0178D-07  0.572
 3.51771603D+15  1.0414D-07  0.572
 3.50892174D+15  1.0656D-07  0.572
 3.50014944D+15  1.0902D-07  0.571
 3.49139906D+15  1.1153D-07  0.571
 3.48267056D+15  1.1409D-07  0.571
 3.47396389D+15  1.1671D-07  0.571
 3.46527898D+15  1.1937D-07  0.571
 3.45661578D+15  1.2208D-07  0.570
 3.44797424D+15  1.2485D-07  0.570
 3.43935431D+15  1.2767D-07  0.570
 3.43075592D+15  1.3055D-07  0.570
 3.42217903D+15  1.3348D-07  0.569
 3.41362358D+15  1.3647D-07  0.569
 3.40508952D+15  1.3952D-07  0.569
 3.39657680D+15  1.4262D-07  0.569
 3.38808536D+15  1.4578D-07  0.569
 3.37961514D+15  1.4901D-07  0.568
 3.37116611D+15  1.5229D-07  0.568
 3.36273819D+15  1.5563D-07  0.568
 3.35433135D+15  1.5904D-07  0.568
 3.34594552D+15  1.6251D-07  0.568
 3.33758065D+15  1.6604D-07  0.567
 3.32923670D+15  1.6964D-07  0.567
 3.32091361D+15  1.7331D-07  0.567
 3.31261133D+15  1.7704D-07  0.567
 3.30432980D+15  1.8084D-07  0.567
 3.29606897D+15  1.8471D-07  0.566
 3.28782880D+15  1.8865D-07  0.566
 3.27960923D+15  3.5745D-07  0.564
 3.27141021D+15  7.8077D-07  0.551
 3.26323168D+15  1.0716D-06  0.539
 3.25507360D+15  1.3735D-06  0.544
 3.24693592D+15  1.8038D-06  0.559
 3.23881858D+15  2.4866D-06  0.580
 3.23072153D+15  3.6278D-06  0.606
 3.22264473D+15  5.5664D-06  0.633
 3.21458812D+15  8.7759D-06  0.656
 3.20655165D+15  1.3793D-05  0.674
 3.19853527D+15  2.1099D-05  0.686
 3.19053893D+15  3.0998D-05  0.692
 3.18256258D+15  4.3545D-05  0.695
 3.17460617D+15  5.8524D-05  0.696
 3.16666966D+15  7.5480D-05  0.695
 3.15875298D+15  9.3807D-05  0.694
 3.15085610D+15  1.1284D-04  0.692
 3.14297896D+15  1.3197D-04  0.689
 3.13512151D+15  1.5065D-04  0.687
 3.12728371D+15  1.6850D-04  0.685
 3.11946550D+15  1.8525D-04  0.682
 3.11166684D+15  2.0073D-04  0.680
 3.10388767D+15  2.1488D-04  0.678
 3.09612795D+15  2.2771D-04  0.677
 3.08838763D+15  2.3926D-04  0.675
 3.08066666D+15  2.4961D-04  0.673
 3.07296500D+15  2.5886D-04  0.672
 3.06528258D+15  2.6708D-04  0.671
 3.05761938D+15  2.7440D-04  0.670
 3.04997533D+15  2.8089D-04  0.669
 3.04235039D+15  2.8666D-04  0.668
 3.03474451D+15  2.9177D-04  0.667
 3.02715765D+15  2.9630D-04  0.666
 3.01958976D+15  3.0032D-04  0.665
 3.01204078D+15  3.0389D-04  0.664
 3.00451068D+15  3.0706D-04  0.664
 2.99699941D+15  3.0986D-04  0.663
 2.98950691D+15  3.1236D-04  0.663
 2.98203314D+15  3.1457D-04  0.662
 2.97457806D+15  3.1653D-04  0.662
 2.96714161D+15  3.1827D-04  0.661
 2.95972376D+15  3.1982D-04  0.661
 2.95232445D+15  3.2119D-04  0.660
 2.94494364D+15  3.2240D-04  0.660
 2.93758128D+15  3.2347D-04  0.660
 2.93023732D+15  3.2441D-04  0.659
 2.92291173D+15  3.2524D-04  0.659
 2.91560445D+15  3.2585D-04  0.659
 2.90831544D+15  3.2638D-04  0.658
 2.90104465D+15  3.2685D-04  0.658
 2.89379204D+15  3.2725D-04  0.658
 2.88655756D+15  3.2760D-04  0.657
 2.87934117D+15  3.2789D-04  0.657
 2.87214281D+15  3.2814D-04  0.657
 2.86496246D+15  3.2834D-04  0.657
 2.85780005D+15  3.2851D-04  0.656
 2.85065555D+15  3.2864D-04  0.656
 2.84352891D+15  3.2874D-04  0.656
 2.83642009D+15  3.2880D-04  0.656
 2.82932904D+15  3.2884D-04  0.655
 2.82225572D+15  3.2885D-04  0.655
 2.81520008D+15  3.2884D-04  0.655
 2.80816208D+15  3.2881D-04  0.655
 2.80114167D+15  3.2876D-04  0.654
 2.79413882D+15  3.2868D-04  0.654
 2.78715347D+15  3.2860D-04  0.654
 2.78018559D+15  3.2849D-04  0.654
 2.77323512D+15  3.2837D-04  0.653
 2.76630204D+15  3.2824D-04  0.653
 2.75938628D+15  3.2809D-04  0.653
 2.75248781D+15  3.2793D-04  0.653
 2.74560660D+15  3.2776D-04  0.652
 2.73874258D+15  3.2758D-04  0.652
 2.73189572D+15  3.2739D-04  0.652
 2.72506598D+15  3.2719D-04  0.652
 2.71825332D+15  3.2698D-04  0.652
 2.71145768D+15  3.2677D-04  0.651
 2.70467904D+15  3.2655D-04  0.651
 2.69791734D+15  3.2632D-04  0.651
 2.69117255D+15  3.2608D-04  0.651
 2.68444462D+15  3.2584D-04  0.651
 2.67773351D+15  3.2560D-04  0.650
 2.67103917D+15  3.2534D-04  0.650
 2.66436157D+15  3.2509D-04  0.650
 2.65770067D+15  3.2483D-04  0.650
 2.65105642D+15  3.2456D-04  0.649
 2.64442878D+15  3.2429D-04  0.649
 2.63781771D+15  3.2402D-04  0.649
 2.63122316D+15  3.2374D-04  0.649
 2.62464510D+15  3.2346D-04  0.649
 2.61808349D+15  3.2318D-04  0.648
 2.61153828D+15  3.2290D-04  0.648
 2.60500944D+15  3.2261D-04  0.648
 2.59849691D+15  3.2493D-04  0.647
 2.59200067D+15  3.2456D-04  0.647
 2.58552067D+15  3.2419D-04  0.647
 2.57905687D+15  3.2382D-04  0.647
 2.57260923D+15  3.2346D-04  0.647
 2.56617770D+15  3.2309D-04  0.646
 2.55976226D+15  3.2273D-04  0.646
 2.55336285D+15  3.2236D-04  0.646
 2.54697945D+15  3.2200D-04  0.646
 2.54061200D+15  3.2164D-04  0.645
 2.53426047D+15  3.2128D-04  0.645
 2.52792482D+15  3.2091D-04  0.645
 2.52160500D+15  3.2055D-04  0.645
 2.51530099D+15  3.2019D-04  0.645
 2.50901274D+15  3.1983D-04  0.644
 2.50274021D+15  3.1948D-04  0.644
 2.49648336D+15  3.1912D-04  0.644
 2.49024215D+15  3.1876D-04  0.644
 2.48401654D+15  3.1840D-04  0.644
 2.47780650D+15  3.1805D-04  0.643
 2.47161198D+15  3.1769D-04  0.643
 2.46543295D+15  3.1734D-04  0.643
 2.45926937D+15  3.1698D-04  0.643
 2.45312120D+15  3.1663D-04  0.643
 2.44698840D+15  3.1627D-04  0.642
 2.44087092D+15  3.1592D-04  0.642
 2.43476875D+15  3.1557D-04  0.642
 2.42868183D+15  3.1522D-04  0.642
 2.42261012D+15  3.1486D-04  0.641
 2.41655360D+15  3.1451D-04  0.641
 2.41051221D+15  3.1416D-04  0.641
 2.40448593D+15  3.1381D-04  0.641
 2.39847472D+15  3.1346D-04  0.641
 2.39247853D+15  3.1311D-04  0.640
 2.38649733D+15  3.1277D-04  0.640
 2.38053109D+15  3.1242D-04  0.640
 2.37457976D+15  3.1207D-04  0.640
 2.36864331D+15  3.1172D-04  0.640
 2.36272170D+15  3.1138D-04  0.639
 2.35681490D+15  3.1103D-04  0.639
 2.35092286D+15  3.1068D-04  0.639
 2.34504556D+15  3.1034D-04  0.639
 2.33918294D+15  3.0999D-04  0.638
 2.33333498D+15  3.0965D-04  0.638
 2.32750165D+15  3.0930D-04  0.638
 2.32168289D+15  3.0896D-04  0.638
 2.31587869D+15  3.0861D-04  0.638
 2.31008899D+15  3.0827D-04  0.637
 2.30431377D+15  3.0793D-04  0.637
 2.29855298D+15  3.0758D-04  0.637
 2.29280660D+15  3.0724D-04  0.637
 2.28707458D+15  3.0690D-04  0.636
 2.28135690D+15  3.0656D-04  0.636
 2.27565350D+15  3.0621D-04  0.636
 2.26996437D+15  3.0587D-04  0.636
 2.26428946D+15  3.0553D-04  0.636
 2.25862874D+15  3.0519D-04  0.635
 2.25298216D+15  3.0485D-04  0.635
 2.24734971D+15  3.0451D-04  0.635
 2.24173133D+15  3.0417D-04  0.635
 2.23612701D+15  3.0383D-04  0.634
 2.23053669D+15  3.0349D-04  0.634
 2.22496035D+15  3.0315D-04  0.634
 2.21939795D+15  3.0281D-04  0.634
 2.21384945D+15  3.0247D-04  0.634
 2.20831483D+15  3.0213D-04  0.633
 2.20279404D+15  3.0179D-04  0.633
 2.19728706D+15  3.0145D-04  0.633
 2.19179384D+15  3.0111D-04  0.633
 2.18631435D+15  3.0077D-04  0.632
 2.18084857D+15  3.0044D-04  0.632
 2.17539645D+15  3.0010D-04  0.632
 2.16995796D+15  2.9976D-04  0.632
 2.16453306D+15  2.9942D-04  0.631
 2.15912173D+15  2.9908D-04  0.631
 2.15372392D+15  2.9875D-04  0.631
 2.14833961D+15  2.9841D-04  0.631
 2.14296876D+15  2.9807D-04  0.631
 2.13761134D+15  2.9774D-04  0.630
 2.13226731D+15  2.9740D-04  0.630
 2.12693665D+15  2.9706D-04  0.630
 2.12161930D+15  2.9672D-04  0.630
 2.11631526D+15  2.9639D-04  0.629
 2.11102447D+15  2.9605D-04  0.629
 2.10574691D+15  2.9571D-04  0.629
 2.10048254D+15  2.9538D-04  0.629
 2.09523133D+15  2.9504D-04  0.628
 2.08999325D+15  2.9470D-04  0.628
 2.08476827D+15  2.9437D-04  0.628
 2.07955635D+15  2.9403D-04  0.628
 2.07435746D+15  2.9370D-04  0.628
 2.06917157D+15  2.9336D-04  0.627
 2.06399864D+15  2.9302D-04  0.627
 2.05883864D+15  2.9269D-04  0.627
 2.05369154D+15  2.9235D-04  0.627
 2.04855732D+15  2.9201D-04  0.626
 2.04343592D+15  2.9168D-04  0.626
 2.03832733D+15  2.9134D-04  0.626
 2.03323151D+15  2.9101D-04  0.626
 2.02814844D+15  2.9067D-04  0.625
 2.02307806D+15  2.9033D-04  0.625
 2.01802037D+15  2.9000D-04  0.625
 2.01297532D+15  2.8966D-04  0.625
 2.00794288D+15  2.8933D-04  0.624
 2.00292302D+15  2.8899D-04  0.624
 1.99791571D+15  2.8865D-04  0.624
 1.99292093D+15  2.8832D-04  0.624
 1.98793862D+15  2.8798D-04  0.624
 1.98296878D+15  2.8765D-04  0.623
 1.97801135D+15  2.8731D-04  0.623
 1.97306633D+15  2.8697D-04  0.623
 1.96813366D+15  2.8664D-04  0.623
 1.96321333D+15  2.8630D-04  0.622
 1.95830529D+15  2.8596D-04  0.622
 1.95340953D+15  2.8563D-04  0.622
 1.94852601D+15  2.8529D-04  0.622
 1.94365469D+15  2.8496D-04  0.621
 1.93879555D+15  2.8462D-04  0.621
 1.93394857D+15  2.8428D-04  0.621
 1.92911369D+15  2.8395D-04  0.621
 1.92429091D+15  2.8361D-04  0.620
 1.91948018D+15  2.8327D-04  0.620
 1.91468148D+15  2.8294D-04  0.620
 1.90989478D+15  2.8260D-04  0.620
 1.90512004D+15  2.8226D-04  0.619
 1.90035724D+15  2.8192D-04  0.619
 1.89560635D+15  2.8159D-04  0.619
 1.89086733D+15  2.8125D-04  0.619
 1.88614016D+15  2.8091D-04  0.618
 1.88142481D+15  2.8058D-04  0.618
 1.87672125D+15  2.8024D-04  0.618
 1.87202945D+15  2.7990D-04  0.618
 1.86734937D+15  2.7956D-04  0.617
 1.86268100D+15  2.7923D-04  0.617
 1.85802430D+15  2.7889D-04  0.617
 1.85337924D+15  2.7855D-04  0.617
 1.84874579D+15  2.7821D-04  0.616
 1.84412393D+15  2.7787D-04  0.616
 1.83951362D+15  2.7754D-04  0.616
 1.83491483D+15  2.7720D-04  0.616
 1.83032754D+15  2.7686D-04  0.615
 1.82575173D+15  2.7652D-04  0.615
 1.82118735D+15  2.7618D-04  0.615
 1.81663438D+15  2.7584D-04  0.615
 1.81209279D+15  2.7550D-04  0.614
 1.80756256D+15  2.7517D-04  0.614
 1.80304365D+15  2.7483D-04  0.614
 1.79853604D+15  2.7449D-04  0.614
 1.79403970D+15  2.7415D-04  0.613
 1.78955461D+15  2.7381D-04  0.613
 1.78508072D+15  2.7347D-04  0.613
 1.78061802D+15  2.7313D-04  0.613
 1.77616647D+15  2.7279D-04  0.612
 1.77172606D+15  2.7245D-04  0.612
 1.76729674D+15  2.7211D-04  0.612
 1.76287850D+15  2.7177D-04  0.612
 1.75847130D+15  2.7143D-04  0.611
 1.75407512D+15  2.7109D-04  0.611
 1.74968994D+15  2.7075D-04  0.611
 1.74531571D+15  2.7041D-04  0.611
 1.74095242D+15  2.7007D-04  0.610
 1.73660004D+15  2.6973D-04  0.610
 1.73225854D+15  2.6939D-04  0.610
 1.72792789D+15  2.6905D-04  0.610
 1.72360808D+15  2.6871D-04  0.609
 1.71929905D+15  2.6837D-04  0.609
 1.71500081D+15  2.6803D-04  0.609
 1.71071331D+15  2.6768D-04  0.609
 1.70643652D+15  2.6734D-04  0.608
 1.70217043D+15  2.6700D-04  0.608
 1.69791500D+15  2.6666D-04  0.608
 1.69367022D+15  2.6632D-04  0.608
 1.68943604D+15  2.6598D-04  0.607
 1.68521245D+15  2.6563D-04  0.607
 1.68099942D+15  2.6529D-04  0.607
 1.67679692D+15  2.6495D-04  0.607
 1.67260493D+15  2.6461D-04  0.606
 1.66842342D+15  2.6427D-04  0.606
 1.66425236D+15  2.6392D-04  0.606
 1.66009173D+15  2.6358D-04  0.605
 1.65594150D+15  2.6324D-04  0.605
 1.65180164D+15  2.6290D-04  0.605
 1.64767214D+15  2.6255D-04  0.605
 1.64355296D+15  2.6221D-04  0.604
 1.63944408D+15  2.6187D-04  0.604
 1.63534547D+15  2.6152D-04  0.604
 1.63125710D+15  2.6118D-04  0.604
 1.62717896D+15  2.6084D-04  0.603
 1.62311101D+15  2.6049D-04  0.603
 1.61905324D+15  2.6015D-04  0.603
 1.61500560D+15  2.5981D-04  0.603
 1.61096809D+15  2.5946D-04  0.602
 1.60694067D+15  2.5912D-04  0.602
 1.60292332D+15  2.5878D-04  0.602
 1.59891601D+15  2.5843D-04  0.602
 1.59491872D+15  2.5809D-04  0.601
 1.59093142D+15  2.5774D-04  0.601
 1.58695409D+15  2.5740D-04  0.601
 1.58298671D+15  2.5705D-04  0.600
 1.57902924D+15  2.5671D-04  0.600
 1.57508167D+15  2.5637D-04  0.600
 1.57114396D+15  2.5602D-04  0.600
 1.56721610D+15  2.5568D-04  0.599
 1.56329806D+15  2.5533D-04  0.599
 1.55938982D+15  2.5499D-04  0.599
 1.55549134D+15  2.5464D-04  0.599
 1.55160262D+15  2.5430D-04  0.598
 1.54772361D+15  2.5395D-04  0.598
 1.54385430D+15  2.5361D-04  0.598
 1.53999466D+15  2.5326D-04  0.598
 1.53614468D+15  2.5292D-04  0.597
 1.53230432D+15  2.5257D-04  0.597
 1.52847356D+15  2.5222D-04  0.597
 1.52465237D+15  2.5188D-04  0.597
 1.52084074D+15  2.5153D-04  0.596
 1.51703864D+15  2.5119D-04  0.596
 1.51324604D+15  2.5084D-04  0.596
 1.50946293D+15  2.5050D-04  0.595
 1.50568927D+15  2.5015D-04  0.595
 1.50192505D+15  2.4980D-04  0.595
 1.49817023D+15  2.4946D-04  0.595
 1.49442481D+15  2.4911D-04  0.594
 1.49068875D+15  2.4877D-04  0.594
 1.48696202D+15  2.4842D-04  0.594
 1.48324462D+15  2.4807D-04  0.594
 1.47953651D+15  2.4773D-04  0.593
 1.47583767D+15  2.4738D-04  0.593
 1.47214807D+15  2.4703D-04  0.593
 1.46846770D+15  2.4669D-04  0.593
 1.46479653D+15  2.4634D-04  0.592
 1.46113454D+15  2.4599D-04  0.592
 1.45748171D+15  2.4565D-04  0.592
 1.45383800D+15  2.4530D-04  0.591
 1.45020341D+15  2.4495D-04  0.591
 1.44657790D+15  2.4461D-04  0.591
 1.44296145D+15  2.4426D-04  0.591
 1.43935405D+15  2.4391D-04  0.590
 1.43575566D+15  2.4357D-04  0.590
 1.43216628D+15  2.4322D-04  0.590
 1.42858586D+15  2.4287D-04  0.590
 1.42501439D+15  2.4253D-04  0.589
 1.42145186D+15  2.4218D-04  0.589
 1.41789823D+15  2.4183D-04  0.589
 1.41435348D+15  2.4148D-04  0.589
 1.41081760D+15  2.4114D-04  0.588
 1.40729056D+15  2.4079D-04  0.588
 1.40377233D+15  2.4044D-04  0.588
 1.40026290D+15  2.4010D-04  0.587
 1.39676224D+15  2.3975D-04  0.587
 1.39327034D+15  2.3940D-04  0.587
 1.38978716D+15  2.3905D-04  0.587
 1.38631269D+15  2.3871D-04  0.586
 1.38284691D+15  2.3836D-04  0.586
 1.37938979D+15  2.3801D-04  0.586
 1.37594132D+15  2.3766D-04  0.586
 1.37250147D+15  2.3732D-04  0.585
 1.36907021D+15  2.3697D-04  0.585
 1.36564754D+15  2.3662D-04  0.585
 1.36223342D+15  2.3628D-04  0.584
 1.35882783D+15  2.3593D-04  0.584
 1.35543076D+15  2.3558D-04  0.584
 1.35204219D+15  2.3523D-04  0.584
 1.34866208D+15  2.3489D-04  0.583
 1.34529043D+15  2.3454D-04  0.583
 1.34192720D+15  2.3419D-04  0.583
 1.33857238D+15  2.3384D-04  0.583
 1.33522595D+15  2.3350D-04  0.582
 1.33188789D+15  2.3315D-04  0.582
 1.32855817D+15  2.3280D-04  0.582
 1.32523677D+15  2.3245D-04  0.582
 1.32192368D+15  2.3211D-04  0.581
 1.31861887D+15  2.3176D-04  0.581
 1.31532232D+15  2.3141D-04  0.581
 1.31203402D+15  2.3106D-04  0.580
 1.30875393D+15  2.3072D-04  0.580
 1.30548205D+15  2.3037D-04  0.580
 1.30221834D+15  2.3002D-04  0.580
 1.29896280D+15  2.2967D-04  0.579
 1.29571539D+15  2.2933D-04  0.579
 1.29247610D+15  2.2898D-04  0.579
 1.28924491D+15  2.2863D-04  0.579
 1.28602180D+15  2.2828D-04  0.578
 1.28280674D+15  2.2794D-04  0.578
 1.27959973D+15  2.2759D-04  0.578
 1.27640073D+15  2.2724D-04  0.578
 1.27320973D+15  2.2690D-04  0.577
 1.27002670D+15  2.2655D-04  0.577
 1.26685163D+15  2.2620D-04  0.577
 1.26368451D+15  2.2585D-04  0.577
 1.26052529D+15  2.2551D-04  0.576
 1.25737398D+15  2.2516D-04  0.576
 1.25423055D+15  2.2481D-04  0.576
 1.25109497D+15  2.2447D-04  0.575
 1.24796723D+15  2.2412D-04  0.575
 1.24484731D+15  2.2377D-04  0.575
 1.24173520D+15  2.2342D-04  0.575
 1.23863086D+15  2.2308D-04  0.574
 1.23553428D+15  2.2273D-04  0.574
 1.23244545D+15  2.2238D-04  0.574
 1.22936433D+15  2.2204D-04  0.574
 1.22629092D+15  2.2169D-04  0.573
 1.22322519D+15  2.2134D-04  0.573
 1.22016713D+15  2.2100D-04  0.573
 1.21711671D+15  2.2065D-04  0.573
 1.21407392D+15  2.2030D-04  0.572
 1.21103874D+15  2.1996D-04  0.572
 1.20801114D+15  2.1961D-04  0.572
 1.20499111D+15  2.1926D-04  0.572
 1.20197863D+15  2.1892D-04  0.571
 1.19897369D+15  2.1857D-04  0.571
 1.19597625D+15  2.1822D-04  0.571
 1.19298631D+15  2.1788D-04  0.571
 1.19000385D+15  2.1753D-04  0.570
 1.18702884D+15  2.1719D-04  0.570
 1.18406126D+15  2.1684D-04  0.570
 1.18110111D+15  2.1649D-04  0.570
 1.17814836D+15  2.1615D-04  0.569
 1.17520299D+15  2.1580D-04  0.569
 1.17226498D+15  2.1545D-04  0.569
 1.16933432D+15  2.1511D-04  0.569
 1.16641098D+15  2.1476D-04  0.568
 1.16349495D+15  2.1442D-04  0.568
 1.16058622D+15  2.1407D-04  0.568
 1.15768475D+15  2.1372D-04  0.567
 1.15479054D+15  2.1338D-04  0.567
 1.15190356D+15  2.1421D-04  0.567
 1.14902380D+15  2.1385D-04  0.567
 1.14615125D+15  2.1349D-04  0.567
 1.14328587D+15  2.1313D-04  0.567
 1.14042765D+15  2.1277D-04  0.566
 1.13757658D+15  2.1241D-04  0.566
 1.13473264D+15  2.1205D-04  0.566
 1.13189581D+15  2.1169D-04  0.566
 1.12906607D+15  2.1133D-04  0.565
 1.12624341D+15  2.1097D-04  0.565
 1.12342780D+15  2.1061D-04  0.565
 1.12061923D+15  2.1025D-04  0.565
 1.11781768D+15  2.0989D-04  0.564
 1.11502314D+15  2.0954D-04  0.564
 1.11223558D+15  2.0918D-04  0.564
 1.10945499D+15  2.0882D-04  0.564
 1.10668135D+15  2.0846D-04  0.563
 1.10391465D+15  2.0811D-04  0.563
 1.10115486D+15  2.0775D-04  0.563
 1.09840197D+15  2.0739D-04  0.563
 1.09565597D+15  2.0703D-04  0.562
 1.09291683D+15  2.0668D-04  0.562
 1.09018454D+15  2.0632D-04  0.562
 1.08745908D+15  2.0597D-04  0.562
 1.08474043D+15  2.0561D-04  0.561
 1.08202858D+15  2.0525D-04  0.561
 1.07932351D+15  2.0490D-04  0.561
 1.07662520D+15  2.0454D-04  0.561
 1.07393363D+15  2.0419D-04  0.560
 1.07124880D+15  2.0383D-04  0.560
 1.06857068D+15  2.0348D-04  0.560
 1.06589925D+15  2.0312D-04  0.560
 1.06323450D+15  2.0277D-04  0.560
 1.06057642D+15  2.0241D-04  0.559
 1.05792498D+15  2.0206D-04  0.559
 1.05528016D+15  2.0171D-04  0.559
 1.05264196D+15  2.0135D-04  0.559
 1.05001036D+15  2.0100D-04  0.558
 1.04738533D+15  2.0065D-04  0.558
 1.04476687D+15  2.0029D-04  0.558
 1.04215495D+15  1.9994D-04  0.558
 1.03954956D+15  1.9959D-04  0.557
 1.03695069D+15  1.9923D-04  0.557
 1.03435831D+15  1.9888D-04  0.557
 1.03177242D+15  1.9853D-04  0.557
 1.02919299D+15  1.9818D-04  0.556
 1.02662000D+15  1.9783D-04  0.556
 1.02405345D+15  1.9747D-04  0.556
 1.02149332D+15  1.9712D-04  0.556
 1.01893959D+15  1.9677D-04  0.555
 1.01639224D+15  1.9642D-04  0.555
 1.01385126D+15  1.9607D-04  0.555
 1.01131663D+15  1.9572D-04  0.555
 1.00878834D+15  1.9537D-04  0.555
 1.00626637D+15  1.9502D-04  0.554
 1.00375070D+15  1.9467D-04  0.554
 1.00124132D+15  1.9432D-04  0.554
 9.98738221D+14  1.9397D-04  0.554
 9.96241375D+14  1.9362D-04  0.553
 9.93750772D+14  1.9327D-04  0.553
 9.91266395D+14  1.9292D-04  0.553
 9.88788229D+14  1.9257D-04  0.553
 9.86316258D+14  1.9222D-04  0.553
 9.83850468D+14  1.9187D-04  0.552
 9.81390842D+14  1.9152D-04  0.552
 9.78937365D+14  1.9117D-04  0.552
 9.76490021D+14  1.9083D-04  0.552
 9.74048796D+14  1.9048D-04  0.551
 9.71613674D+14  1.9013D-04  0.551
 9.69184640D+14  1.8978D-04  0.551
 9.66761678D+14  1.8943D-04  0.551
 9.64344774D+14  1.8909D-04  0.551
 9.61933912D+14  1.8874D-04  0.550
 9.59529077D+14  1.8851D-04  0.550
 9.57130255D+14  1.8817D-04  0.550
 9.54737429D+14  1.8782D-04  0.550
 9.52350585D+14  1.8747D-04  0.550
 9.49969709D+14  1.8712D-04  0.549
 9.47594785D+14  1.8677D-04  0.549
 9.45225798D+14  1.8643D-04  0.549
 9.42862733D+14  1.8608D-04  0.549
 9.40505576D+14  1.8573D-04  0.548
 9.38154313D+14  1.8538D-04  0.548
 9.35808927D+14  1.8504D-04  0.548
 9.33469404D+14  1.8469D-04  0.548
 9.31135731D+14  1.8434D-04  0.548
 9.28807892D+14  1.8399D-04  0.547
 9.26485872D+14  1.8365D-04  0.547
 9.24169657D+14  1.8330D-04  0.547
 9.21859233D+14  1.8296D-04  0.547
 9.19554585D+14  1.8261D-04  0.547
 9.17255698D+14  1.8226D-04  0.546
 9.14962559D+14  1.8192D-04  0.546
 9.12675153D+14  1.8157D-04  0.546
 9.10393465D+14  1.8123D-04  0.546
 9.08117481D+14  1.8088D-04  0.545
 9.05847188D+14  1.8054D-04  0.545
 9.03582570D+14  1.8019D-04  0.545
 9.01323613D+14  1.7985D-04  0.545
 8.99070304D+14  1.7950D-04  0.545
 8.96822628D+14  1.7916D-04  0.544
 8.94580572D+14  1.7881D-04  0.544
 8.92344120D+14  1.7847D-04  0.544
 8.90113260D+14  1.7813D-04  0.544
 8.87887977D+14  1.7778D-04  0.544
 8.85668257D+14  1.7744D-04  0.543
 8.83454086D+14  1.7710D-04  0.543
 8.81245451D+14  1.7675D-04  0.543
 8.79042338D+14  1.7641D-04  0.543
 8.76844732D+14  1.7607D-04  0.543
 8.74652620D+14  1.7653D-04  0.543
 8.72465988D+14  1.7618D-04  0.543
 8.70284823D+14  1.7583D-04  0.543
 8.68109111D+14  1.7548D-04  0.542
 8.65938838D+14  1.7513D-04  0.542
 8.63773991D+14  1.7478D-04  0.542
 8.61614556D+14  1.7443D-04  0.542
 8.59460520D+14  1.7408D-04  0.542
 8.57311869D+14  1.7373D-04  0.541
 8.55168589D+14  1.7338D-04  0.541
 8.53030668D+14  1.7303D-04  0.541
 8.50898091D+14  1.7268D-04  0.541
 8.48770846D+14  1.7233D-04  0.541
 8.46648919D+14  1.7199D-04  0.541
 8.44532296D+14  1.7164D-04  0.540
 8.42420966D+14  1.7129D-04  0.540
 8.40314913D+14  1.7094D-04  0.540
 8.38214126D+14  1.7059D-04  0.540
 8.36118591D+14  1.7025D-04  0.540
 8.34028294D+14  1.6990D-04  0.539
 8.31943223D+14  1.6955D-04  0.539
 8.29863365D+14  1.6921D-04  0.539
 8.27788707D+14  1.6886D-04  0.539
 8.25719235D+14  1.6851D-04  0.539
 8.23654937D+14  1.6817D-04  0.538
 8.21595800D+14  1.6782D-04  0.538
 8.19541810D+14  1.6748D-04  0.538
 8.17492956D+14  1.6714D-04  0.538
 8.15449223D+14  1.6691D-04  0.538
 8.13410600D+14  1.6717D-04  0.537
 8.11377074D+14  1.6815D-04  0.537
 8.09348631D+14  1.7045D-04  0.537
 8.07325259D+14  1.7427D-04  0.536
 8.05306946D+14  1.7952D-04  0.537
 8.03293679D+14  1.8586D-04  0.537
 8.01285445D+14  1.9283D-04  0.538
 7.99282231D+14  1.9999D-04  0.540
 7.97284026D+14  2.0697D-04  0.541
 7.95290815D+14  2.1348D-04  0.542
 7.93302588D+14  2.1934D-04  0.544
 7.91319332D+14  2.2446D-04  0.545
 7.89341034D+14  2.2882D-04  0.546
 7.87367681D+14  2.3245D-04  0.547
 7.85399262D+14  2.3541D-04  0.548
 7.83435764D+14  2.3776D-04  0.548
 7.81477174D+14  2.3961D-04  0.549
 7.79523481D+14  2.4101D-04  0.549
 7.77574673D+14  2.4204D-04  0.550
 7.75630736D+14  2.4276D-04  0.550
 7.73691659D+14  2.4323D-04  0.550
 7.71757430D+14  2.4350D-04  0.550
 7.69828036D+14  2.4358D-04  0.550
 7.67903466D+14  2.4353D-04  0.551
 7.65983708D+14  2.4336D-04  0.551
 7.64068748D+14  2.4309D-04  0.551
 7.62158576D+14  2.4274D-04  0.551
 7.60253180D+14  2.4232D-04  0.551
 7.58352547D+14  2.4185D-04  0.551
 7.56456666D+14  2.4133D-04  0.550
 7.54565524D+14  2.4078D-04  0.550
 7.52679110D+14  2.4019D-04  0.550
 7.50797412D+14  2.3957D-04  0.550
 7.48920419D+14  2.3893D-04  0.550
 7.47048118D+14  2.3827D-04  0.550
 7.45180498D+14  2.3759D-04  0.550
 7.43317546D+14  2.3690D-04  0.550
 7.41459252D+14  2.3620D-04  0.550
 7.39605604D+14  2.3549D-04  0.550
 7.37756590D+14  2.3476D-04  0.550
 7.35912199D+14  2.3404D-04  0.550
 7.34072418D+14  2.3330D-04  0.549
 7.32237237D+14  2.3256D-04  0.549
 7.30406644D+14  2.3182D-04  0.549
 7.28580628D+14  2.3107D-04  0.549
 7.26759176D+14  2.3032D-04  0.549
 7.24942278D+14  2.2957D-04  0.549
 7.23129922D+14  2.2881D-04  0.549
 7.21322098D+14  2.2806D-04  0.549
 7.19518792D+14  2.2730D-04  0.549
 7.17719995D+14  2.2654D-04  0.548
 7.15925695D+14  2.2578D-04  0.548
 7.14135881D+14  2.2502D-04  0.548
 7.12350541D+14  2.2427D-04  0.548
 7.10569665D+14  2.2351D-04  0.548
 7.08793241D+14  2.2275D-04  0.548
 7.07021258D+14  2.2199D-04  0.548
 7.05253705D+14  2.2124D-04  0.548
 7.03490570D+14  2.2048D-04  0.547
 7.01731844D+14  2.1973D-04  0.547
 6.99977514D+14  2.1897D-04  0.547
 6.98227571D+14  2.1822D-04  0.547
 6.96482002D+14  2.1747D-04  0.547
 6.94740797D+14  2.1672D-04  0.547
 6.93003945D+14  2.1597D-04  0.547
 6.91271435D+14  2.1522D-04  0.547
 6.89543256D+14  2.1448D-04  0.547
 6.87819398D+14  2.1374D-04  0.546
 6.86099850D+14  2.1299D-04  0.546
 6.84384600D+14  2.1225D-04  0.546
 6.82673638D+14  2.1151D-04  0.546
 6.80966954D+14  2.1078D-04  0.546
 6.79264537D+14  2.1004D-04  0.546
 6.77566376D+14  2.0931D-04  0.546
 6.75872460D+14  2.0857D-04  0.546
 6.74182779D+14  2.0784D-04  0.545
 6.72497322D+14  2.0711D-04  0.545
 6.70816078D+14  2.0639D-04  0.545
 6.69139038D+14  2.0566D-04  0.545
 6.67466191D+14  2.0494D-04  0.545
 6.65797525D+14  2.0422D-04  0.545
 6.64133031D+14  2.0350D-04  0.545
 6.62472699D+14  2.0278D-04  0.545
 6.60816517D+14  2.0207D-04  0.544
 6.59164476D+14  2.0135D-04  0.544
 6.57516564D+14  2.0064D-04  0.544
 6.55872773D+14  1.9993D-04  0.544
 6.54233091D+14  1.9922D-04  0.544
 6.52597508D+14  1.9852D-04  0.544
 6.50966015D+14  1.9781D-04  0.544
 6.49338600D+14  1.9711D-04  0.544
 6.47715253D+14  1.9641D-04  0.544
 6.46095965D+14  1.9571D-04  0.543
 6.44480725D+14  1.9502D-04  0.543
 6.42869523D+14  1.9432D-04  0.543
 6.41262349D+14  1.9363D-04  0.543
 6.39659194D+14  1.9294D-04  0.543
 6.38060046D+14  1.9225D-04  0.543
 6.36464895D+14  1.9157D-04  0.543
 6.34873733D+14  1.9088D-04  0.543
 6.33286549D+14  1.9020D-04  0.542
 6.31703332D+14  1.8952D-04  0.542
 6.30124074D+14  1.8884D-04  0.542
 6.28548764D+14  1.8816D-04  0.542
 6.26977392D+14  1.8749D-04  0.542
 6.25409949D+14  1.8682D-04  0.542
 6.23846424D+14  1.8614D-04  0.542
 6.22286808D+14  1.8548D-04  0.542
 6.20731091D+14  1.8481D-04  0.542
 6.19179263D+14  1.8414D-04  0.541
 6.17631315D+14  1.8348D-04  0.541
 6.16087236D+14  1.8282D-04  0.541
 6.14547018D+14  1.8216D-04  0.541
 6.13010651D+14  1.8150D-04  0.541
 6.11478124D+14  1.8085D-04  0.541
 6.09949429D+14  1.8020D-04  0.541
 6.08424555D+14  1.7955D-04  0.541
 6.06903494D+14  1.7890D-04  0.540
 6.05386235D+14  1.7825D-04  0.540
 6.03872770D+14  1.7760D-04  0.540
 6.02363088D+14  1.7696D-04  0.540
 6.00857180D+14  1.7632D-04  0.540
 5.99355037D+14  1.7568D-04  0.540
 5.97856649D+14  1.7504D-04  0.540
 5.96362008D+14  1.7441D-04  0.540
 5.94871103D+14  1.7377D-04  0.540
 5.93383925D+14  1.7314D-04  0.539
 5.91900465D+14  1.7251D-04  0.539
 5.90420714D+14  1.7188D-04  0.539
 5.88944662D+14  1.7126D-04  0.539
 5.87472301D+14  1.7063D-04  0.539
 5.86003620D+14  1.7001D-04  0.539
 5.84538611D+14  1.6939D-04  0.539
 5.83077264D+14  1.6877D-04  0.539
 5.81619571D+14  1.6815D-04  0.539
 5.80165522D+14  1.6754D-04  0.538
 5.78715108D+14  1.6693D-04  0.538
 5.77268321D+14  1.6632D-04  0.538
 5.75825150D+14  1.6571D-04  0.538
 5.74385587D+14  1.6510D-04  0.538
 5.72949623D+14  1.6449D-04  0.538
 5.71517249D+14  1.6389D-04  0.538
 5.70088456D+14  1.6329D-04  0.538
 5.68663235D+14  1.6269D-04  0.538
 5.67241577D+14  1.6209D-04  0.537
 5.65823473D+14  1.6150D-04  0.537
 5.64408914D+14  1.6090D-04  0.537
 5.62997892D+14  1.6031D-04  0.537
 5.61590397D+14  1.5972D-04  0.537
 5.60186421D+14  1.5913D-04  0.537
 5.58785955D+14  1.5854D-04  0.537
 5.57388990D+14  1.5796D-04  0.537
 5.55995517D+14  1.5738D-04  0.537
 5.54605529D+14  1.5679D-04  0.536
 5.53219015D+14  1.5622D-04  0.536
 5.51835967D+14  1.5564D-04  0.536
 5.50456377D+14  1.5506D-04  0.536
 5.49080236D+14  1.5449D-04  0.536
 5.47707536D+14  1.5392D-04  0.536
 5.46338267D+14  1.5335D-04  0.536
 5.44972421D+14  1.5278D-04  0.536
 5.43609990D+14  1.5221D-04  0.536
 5.42250965D+14  1.5165D-04  0.536
 5.40895338D+14  1.5108D-04  0.535
 5.39543100D+14  1.5053D-04  0.535
 5.38194242D+14  1.4997D-04  0.535
 5.36848756D+14  1.4941D-04  0.535
 5.35506634D+14  1.4885D-04  0.535
 5.34167868D+14  1.4830D-04  0.535
 5.32832448D+14  1.4775D-04  0.535
 5.31500367D+14  1.4719D-04  0.535
 5.30171616D+14  1.4665D-04  0.535
 5.28846187D+14  1.4610D-04  0.534
 5.27524072D+14  1.4555D-04  0.534
 5.26205261D+14  1.4501D-04  0.534
 5.24889748D+14  1.4447D-04  0.534
 5.23577524D+14  1.4393D-04  0.534
 5.22268580D+14  1.4339D-04  0.534
 5.20962909D+14  1.4285D-04  0.534
 5.19660501D+14  1.4232D-04  0.534
 5.18361350D+14  1.4178D-04  0.534
 5.17065447D+14  1.4125D-04  0.534
 5.15772783D+14  1.4072D-04  0.533
 5.14483351D+14  1.4019D-04  0.533
 5.13197143D+14  1.3967D-04  0.533
 5.11914150D+14  1.3914D-04  0.533
 5.10634365D+14  1.3862D-04  0.533
 5.09357779D+14  1.3810D-04  0.533
 5.08084384D+14  1.3758D-04  0.533
 5.06814173D+14  1.3706D-04  0.533
 5.05547138D+14  1.3654D-04  0.533
 5.04283270D+14  1.3603D-04  0.533
 5.03022562D+14  1.3552D-04  0.532
 5.01765005D+14  1.3500D-04  0.532
 5.00510593D+14  1.3450D-04  0.532
 4.99259316D+14  1.3399D-04  0.532
 4.98011168D+14  1.3348D-04  0.532
 4.96766140D+14  1.3298D-04  0.532
 4.95524225D+14  1.3247D-04  0.532
 4.94285414D+14  1.3197D-04  0.532
 4.93049701D+14  1.3147D-04  0.532
 4.91817076D+14  1.3097D-04  0.532
 4.90587534D+14  1.3048D-04  0.531
 4.89361065D+14  1.2998D-04  0.531
 4.88137662D+14  1.2949D-04  0.531
 4.86917318D+14  1.2900D-04  0.531
 4.85700025D+14  1.2851D-04  0.531
 4.84485775D+14  1.2802D-04  0.531
 4.83274560D+14  1.2753D-04  0.531
 4.82066374D+14  1.2705D-04  0.531
 4.80861208D+14  1.2657D-04  0.531
 4.79659055D+14  1.2608D-04  0.531
 4.78459907D+14  1.2560D-04  0.531
 4.77263758D+14  1.2513D-04  0.530
 4.76070598D+14  1.2465D-04  0.530
 4.74880422D+14  1.2417D-04  0.530
 4.73693221D+14  1.2370D-04  0.530
 4.72508988D+14  1.2323D-04  0.530
 4.71327715D+14  1.2276D-04  0.530
 4.70149396D+14  1.2229D-04  0.530
 4.68974022D+14  1.2182D-04  0.530
 4.67801587D+14  1.2135D-04  0.530
 4.66632083D+14  1.2089D-04  0.530
 4.65465503D+14  1.2043D-04  0.529
 4.64301839D+14  1.1997D-04  0.529
 4.63141085D+14  1.1951D-04  0.529
 4.61983232D+14  1.1905D-04  0.529
 4.60828274D+14  1.1859D-04  0.529
 4.59676203D+14  1.1814D-04  0.529
 4.58527013D+14  1.1768D-04  0.529
 4.57380695D+14  1.1723D-04  0.529
 4.56237243D+14  1.1678D-04  0.529
 4.55096650D+14  1.1633D-04  0.529
 4.53958909D+14  1.1588D-04  0.529
 4.52824011D+14  1.1544D-04  0.528
 4.51691951D+14  1.1501D-04  0.528
 4.50562722D+14  1.1456D-04  0.528
 4.49436315D+14  1.1412D-04  0.528
 4.48312724D+14  1.1368D-04  0.528
 4.47191942D+14  1.1324D-04  0.528
 4.46073962D+14  1.1281D-04  0.528
 4.44958777D+14  1.1237D-04  0.528
 4.43846380D+14  1.1194D-04  0.528
 4.42736764D+14  1.1150D-04  0.528
 4.41629923D+14  1.1107D-04  0.528
 4.40525848D+14  1.1064D-04  0.527
 4.39424533D+14  1.1021D-04  0.527
 4.38325972D+14  1.0979D-04  0.527
 4.37230157D+14  1.0936D-04  0.527
 4.36137081D+14  1.0894D-04  0.527
 4.35046739D+14  1.0852D-04  0.527
 4.33959122D+14  1.0810D-04  0.527
 4.32874224D+14  1.0768D-04  0.527
 4.31792039D+14  1.0726D-04  0.527
 4.30712558D+14  1.0684D-04  0.527
 4.29635777D+14  1.0643D-04  0.527
 4.28561688D+14  1.0601D-04  0.527
 4.27490283D+14  1.0560D-04  0.526
 4.26421558D+14  1.0519D-04  0.526
 4.25355504D+14  1.0478D-04  0.526
 4.24292115D+14  1.0437D-04  0.526
 4.23231385D+14  1.0396D-04  0.526
 4.22173306D+14  1.0356D-04  0.526
 4.21117873D+14  1.0315D-04  0.526
 4.20065078D+14  1.0275D-04  0.526
 4.19014916D+14  1.0235D-04  0.526
 4.17967378D+14  1.0195D-04  0.526
 4.16922460D+14  1.0155D-04  0.526
 4.15880154D+14  1.0116D-04  0.526
 4.14840453D+14  1.0076D-04  0.525
 4.13803352D+14  1.0037D-04  0.525
 4.12768844D+14  9.9972D-05  0.525
 4.11736922D+14  9.9581D-05  0.525
 4.10707579D+14  9.9190D-05  0.525
 4.09680811D+14  9.8802D-05  0.525
 4.08656608D+14  9.8414D-05  0.525
 4.07634967D+14  9.8028D-05  0.525
 4.06615880D+14  9.7643D-05  0.525
 4.05599340D+14  9.7260D-05  0.525
 4.04585341D+14  9.6878D-05  0.525
 4.03573878D+14  9.6497D-05  0.525
 4.02564943D+14  9.6121D-05  0.524
 4.01558531D+14  9.5743D-05  0.524
 4.00554635D+14  9.5367D-05  0.524
 3.99553248D+14  9.4991D-05  0.524
 3.98554365D+14  9.4617D-05  0.524
 3.97557979D+14  9.4244D-05  0.524
 3.96564084D+14  9.3872D-05  0.524
 3.95572674D+14  9.3502D-05  0.524
 3.94583742D+14  9.3133D-05  0.524
 3.93597283D+14  9.2766D-05  0.524
 3.92613290D+14  9.2399D-05  0.524
 3.91631757D+14  9.2034D-05  0.524
 3.90652677D+14  9.1671D-05  0.524
 3.89676045D+14  9.1308D-05  0.523
 3.88701855D+14  9.0947D-05  0.523
 3.87730101D+14  9.0587D-05  0.523
 3.86760775D+14  9.0228D-05  0.523
 3.85793873D+14  8.9871D-05  0.523
 3.84829389D+14  8.9515D-05  0.523
 3.83867315D+14  8.9160D-05  0.523
 3.82907647D+14  8.8806D-05  0.523
 3.81950378D+14  8.8454D-05  0.523
 3.80995502D+14  8.8146D-05  0.523
 3.80043013D+14  8.7796D-05  0.523
 3.79092906D+14  8.7447D-05  0.523
 3.78145173D+14  8.7099D-05  0.523
 3.77199810D+14  8.6752D-05  0.523
 3.76256811D+14  8.6407D-05  0.522
 3.75316169D+14  8.6063D-05  0.522
 3.74377879D+14  8.5720D-05  0.522
 3.73441934D+14  8.5378D-05  0.522
 3.72508329D+14  8.5038D-05  0.522
 3.71577058D+14  8.4698D-05  0.522
 3.70648116D+14  8.4360D-05  0.522
 3.69721495D+14  8.4024D-05  0.522
 3.68797191D+14  8.3688D-05  0.522
 3.67875199D+14  8.3354D-05  0.522
 3.66955511D+14  8.3020D-05  0.522
 3.66038122D+14  8.2688D-05  0.522
 3.65123026D+14  8.2402D-05  0.522
 3.64210219D+14  8.2072D-05  0.522
 3.63299693D+14  8.1743D-05  0.521
 3.62391444D+14  8.1425D-05  0.521
 3.61485465D+14  8.1099D-05  0.521
 3.60581752D+14  8.0776D-05  0.521
 3.59680297D+14  8.0458D-05  0.521
 3.58781097D+14  8.0148D-05  0.521
 3.57884144D+14  7.9852D-05  0.521
 3.56989434D+14  7.9573D-05  0.521
 3.56096960D+14  7.9319D-05  0.521
 3.55206718D+14  7.9095D-05  0.521
 3.54318701D+14  7.8906D-05  0.520
 3.53432904D+14  7.8754D-05  0.520
 3.52549322D+14  7.8640D-05  0.520
 3.51667948D+14  7.8561D-05  0.520
 3.50788779D+14  7.8513D-05  0.520
 3.49911807D+14  7.8489D-05  0.520
 3.49037027D+14  7.8482D-05  0.520
 3.48164435D+14  7.8484D-05  0.520
 3.47294024D+14  7.8487D-05  0.521
 3.46425788D+14  7.8483D-05  0.521
 3.45559724D+14  7.8468D-05  0.521
 3.44695825D+14  7.8436D-05  0.521
 3.43834085D+14  7.8384D-05  0.521
 3.42974500D+14  7.8311D-05  0.522
 3.42117064D+14  7.8216D-05  0.522
 3.41261771D+14  7.8099D-05  0.522
 3.40408617D+14  7.7959D-05  0.522
 3.39557595D+14  7.7800D-05  0.522
 3.38708701D+14  7.7622D-05  0.522
 3.37861929D+14  7.7427D-05  0.522
 3.37017274D+14  7.7217D-05  0.522
 3.36174731D+14  7.6993D-05  0.522
 3.35334294D+14  7.6757D-05  0.522
 3.34495959D+14  7.6511D-05  0.523
 3.33659719D+14  7.6257D-05  0.523
 3.32825570D+14  7.5994D-05  0.523
 3.31993506D+14  7.5725D-05  0.523
 3.31163522D+14  7.5451D-05  0.523
 3.30335613D+14  7.5172D-05  0.523
 3.29509774D+14  7.4889D-05  0.523
 3.28686000D+14  7.4602D-05  0.523
 3.27864285D+14  7.4313D-05  0.522
 3.27044624D+14  7.4022D-05  0.522
 3.26227012D+14  7.3729D-05  0.522
 3.25411445D+14  7.3435D-05  0.522
 3.24597916D+14  7.3140D-05  0.522
 3.23786421D+14  7.2844D-05  0.522
 3.22976955D+14  7.2547D-05  0.522
 3.22169513D+14  7.2250D-05  0.522
 3.21364089D+14  7.1953D-05  0.522
 3.20560679D+14  7.1656D-05  0.522
 3.19759277D+14  7.1359D-05  0.522
 3.18959879D+14  7.1062D-05  0.522
 3.18162479D+14  7.0766D-05  0.522
 3.17367073D+14  7.0470D-05  0.522
 3.16573655D+14  7.0174D-05  0.522
 3.15782221D+14  6.9879D-05  0.522
 3.14992766D+14  6.9585D-05  0.522
 3.14205284D+14  6.9291D-05  0.522
 3.13419771D+14  6.8998D-05  0.522
 3.12636221D+14  6.8706D-05  0.522
 3.11854631D+14  6.8415D-05  0.522
 3.11074994D+14  6.8124D-05  0.521
 3.10297307D+14  6.7835D-05  0.521
 3.09521563D+14  6.7546D-05  0.521
 3.08747759D+14  6.7258D-05  0.521
 3.07975890D+14  6.6971D-05  0.521
 3.07205950D+14  6.6685D-05  0.521
 3.06437935D+14  6.6400D-05  0.521
 3.05671841D+14  6.6116D-05  0.521
 3.04907661D+14  6.5832D-05  0.521
 3.04145392D+14  6.5550D-05  0.521
 3.03385028D+14  6.5269D-05  0.521
 3.02626566D+14  6.4989D-05  0.521
 3.01869999D+14  6.4710D-05  0.521
 3.01115324D+14  6.4432D-05  0.521
 3.00362536D+14  6.4155D-05  0.521
 2.99611630D+14  6.3889D-05  0.521
 2.98862601D+14  6.3615D-05  0.520
 2.98115444D+14  6.3342D-05  0.520
 2.97370156D+14  6.3070D-05  0.520
 2.96626730D+14  6.2799D-05  0.520
 2.95885163D+14  6.2529D-05  0.520
 2.95145450D+14  6.2260D-05  0.520
 2.94407587D+14  6.1993D-05  0.520
 2.93671568D+14  6.1726D-05  0.520
 2.92937389D+14  6.1460D-05  0.520
 2.92205045D+14  6.1195D-05  0.520
 2.91474533D+14  6.0932D-05  0.520
 2.90745846D+14  6.0669D-05  0.520
 2.90018982D+14  6.0407D-05  0.520
 2.89293934D+14  6.0147D-05  0.520
 2.88570700D+14  5.9887D-05  0.520
 2.87849273D+14  5.9628D-05  0.520
 2.87129650D+14  5.9371D-05  0.520
 2.86411825D+14  5.9114D-05  0.520
 2.85695796D+14  5.8859D-05  0.519
 2.84981556D+14  5.8604D-05  0.519
 2.84269103D+14  5.8351D-05  0.519
 2.83558430D+14  5.8098D-05  0.519
 2.82849534D+14  5.7847D-05  0.519
 2.82142410D+14  5.7596D-05  0.519
 2.81437054D+14  5.7347D-05  0.519
 2.80733461D+14  5.7098D-05  0.519
 2.80031628D+14  5.6851D-05  0.519
 2.79331549D+14  5.6604D-05  0.519
 2.78633220D+14  5.6359D-05  0.519
 2.77936637D+14  5.6114D-05  0.519
 2.77241795D+14  5.5871D-05  0.519
 2.76548691D+14  5.5628D-05  0.519
 2.75857319D+14  5.5387D-05  0.519
 2.75167675D+14  5.5146D-05  0.519
 2.74479756D+14  5.4907D-05  0.519
 2.73793557D+14  5.4668D-05  0.518
 2.73109073D+14  5.4430D-05  0.518
 2.72426300D+14  5.4194D-05  0.518
 2.71745235D+14  5.3958D-05  0.518
 2.71065871D+14  5.3723D-05  0.518
 2.70388207D+14  5.3489D-05  0.518
 2.69712236D+14  5.3257D-05  0.518
 2.69037956D+14  5.3025D-05  0.518
 2.68365361D+14  5.2794D-05  0.518
 2.67694447D+14  5.2564D-05  0.518
 2.67025211D+14  5.2335D-05  0.518
 2.66357648D+14  5.2106D-05  0.518
 2.65691754D+14  5.1879D-05  0.518
 2.65027525D+14  5.1653D-05  0.518
 2.64364956D+14  5.1428D-05  0.518
 2.63704044D+14  5.1203D-05  0.518
 2.63044783D+14  5.0980D-05  0.518
 2.62387171D+14  5.0757D-05  0.518
 2.61731204D+14  5.0535D-05  0.518
 2.61076876D+14  5.0315D-05  0.517
 2.60424183D+14  5.0095D-05  0.517
 2.59773123D+14  4.9876D-05  0.517
 2.59123690D+14  4.9658D-05  0.517
 2.58475881D+14  4.9441D-05  0.517
 2.57829691D+14  4.9224D-05  0.517
 2.57185117D+14  4.9009D-05  0.517
 2.56542154D+14  4.8794D-05  0.517
 2.55900799D+14  4.8581D-05  0.517
 2.55261047D+14  4.8368D-05  0.517
 2.54622894D+14  4.8156D-05  0.517
 2.53986337D+14  4.7945D-05  0.517
 2.53351371D+14  4.7735D-05  0.517
 2.52717993D+14  4.7526D-05  0.517
 2.52086198D+14  4.7317D-05  0.517
 2.51455982D+14  4.7110D-05  0.517
 2.50827342D+14  4.6903D-05  0.517
 2.50200274D+14  4.6698D-05  0.517
 2.49574773D+14  4.6493D-05  0.517
 2.48950836D+14  4.6288D-05  0.516
 2.48328459D+14  4.6085D-05  0.516
 2.47707638D+14  4.5883D-05  0.516
 2.47088369D+14  4.5681D-05  0.516
 2.46470648D+14  4.5481D-05  0.516
 2.45854471D+14  4.5281D-05  0.516
 2.45239835D+14  4.5082D-05  0.516
 2.44626736D+14  4.4883D-05  0.516
 2.44015169D+14  4.4686D-05  0.516
 2.43405131D+14  4.4489D-05  0.516
 2.42796618D+14  4.4294D-05  0.516
 2.42189626D+14  4.4099D-05  0.516
 2.41584152D+14  4.3904D-05  0.516
 2.40980192D+14  4.3711D-05  0.516
 2.40377742D+14  4.3518D-05  0.516
 2.39776797D+14  4.3327D-05  0.516
 2.39177355D+14  4.3136D-05  0.516
 2.38579412D+14  4.2946D-05  0.516
 2.37982963D+14  4.2757D-05  0.516
 2.37388006D+14  4.2568D-05  0.516
 2.36794536D+14  4.2380D-05  0.515
 2.36202550D+14  4.2193D-05  0.515
 2.35612043D+14  4.2007D-05  0.515
 2.35023013D+14  4.1822D-05  0.515
 2.34435455D+14  4.1637D-05  0.515
 2.33849367D+14  4.1453D-05  0.515
 2.33264743D+14  4.1270D-05  0.515
 2.32681582D+14  4.1088D-05  0.515
 2.32099878D+14  4.0906D-05  0.515
 2.31519628D+14  4.0725D-05  0.515
 2.30940829D+14  4.0545D-05  0.515
 2.30363477D+14  4.0366D-05  0.515
 2.29787568D+14  4.0187D-05  0.515
 2.29213099D+14  4.0010D-05  0.515
 2.28640066D+14  3.9833D-05  0.515
 2.28068466D+14  3.9656D-05  0.515
 2.27498295D+14  3.9481D-05  0.515
 2.26929549D+14  3.9306D-05  0.515
 2.26362225D+14  3.9132D-05  0.515
 2.25796320D+14  3.8958D-05  0.515
 2.25231829D+14  3.8786D-05  0.515
 2.24668750D+14  3.8614D-05  0.515
 2.24107078D+14  3.8443D-05  0.514
 2.23546810D+14  3.8272D-05  0.514
 2.22987943D+14  3.8102D-05  0.514
 2.22430473D+14  3.7933D-05  0.514
 2.21874397D+14  3.7765D-05  0.514
 2.21319711D+14  3.7597D-05  0.514
 2.20766412D+14  3.7431D-05  0.514
 2.20214496D+14  3.7264D-05  0.514
 2.19663959D+14  3.7099D-05  0.514
 2.19114799D+14  3.6934D-05  0.514
 2.18567012D+14  3.6770D-05  0.514
 2.18020595D+14  3.6607D-05  0.514
 2.17475543D+14  3.6444D-05  0.514
 2.16931855D+14  3.6282D-05  0.514
 2.16389525D+14  3.6120D-05  0.514
 2.15848551D+14  3.5960D-05  0.514
 2.15308930D+14  3.5800D-05  0.514
 2.14770657D+14  3.5641D-05  0.514
 2.14233731D+14  3.5482D-05  0.514
 2.13698146D+14  3.5324D-05  0.514
 2.13163901D+14  3.5167D-05  0.514
 2.12630991D+14  3.5010D-05  0.514
 2.12099414D+14  3.4856D-05  0.514
 2.11569165D+14  3.4701D-05  0.513
 2.11040242D+14  3.4546D-05  0.513
 2.10512642D+14  3.4392D-05  0.513
 2.09986360D+14  3.4239D-05  0.513
 2.09461394D+14  3.4086D-05  0.513
 2.08937741D+14  3.3934D-05  0.513
 2.08415396D+14  3.3783D-05  0.513
 2.07894358D+14  3.3632D-05  0.513
 2.07374622D+14  3.3482D-05  0.513
 2.06856186D+14  3.3332D-05  0.513
 2.06339045D+14  3.3183D-05  0.513
 2.05823197D+14  3.3035D-05  0.513
 2.05308639D+14  3.3634D-05  0.514
 2.04795368D+14  3.3481D-05  0.514
 2.04283379D+14  3.3330D-05  0.514
 2.03772671D+14  3.3180D-05  0.514
 2.03263239D+14  3.3029D-05  0.514
 2.02755081D+14  3.2879D-05  0.514
 2.02248194D+14  3.2730D-05  0.514
 2.01742573D+14  3.2582D-05  0.514
 2.01238217D+14  3.2434D-05  0.514
 2.00735121D+14  3.2287D-05  0.514
 2.00233283D+14  3.2140D-05  0.514
 1.99732700D+14  3.1995D-05  0.514
 1.99233368D+14  3.1850D-05  0.514
 1.98735285D+14  3.1705D-05  0.514
 1.98238447D+14  3.1561D-05  0.514
 1.97742851D+14  3.1418D-05  0.514
 1.97248493D+14  3.1275D-05  0.514
 1.96755372D+14  3.1133D-05  0.514
 1.96263484D+14  3.0991D-05  0.514
 1.95772825D+14  3.0851D-05  0.514
 1.95283393D+14  3.0710D-05  0.514
 1.94795185D+14  3.0571D-05  0.514
 1.94308197D+14  3.0432D-05  0.514
 1.93822426D+14  3.0293D-05  0.514
 1.93337870D+14  3.0155D-05  0.513
 1.92854525D+14  3.0018D-05  0.513
 1.92372389D+14  2.9882D-05  0.513
 1.91891458D+14  2.9746D-05  0.513
 1.91411729D+14  2.9610D-05  0.513
 1.90933200D+14  2.9475D-05  0.513
 1.90455867D+14  2.9341D-05  0.513
 1.89979727D+14  2.9208D-05  0.513
 1.89504778D+14  2.9074D-05  0.513
 1.89031016D+14  2.8942D-05  0.513
 1.88558439D+14  2.8810D-05  0.513
 1.88087043D+14  2.8679D-05  0.513
 1.87616825D+14  2.8548D-05  0.513
 1.87147783D+14  2.8418D-05  0.513
 1.86679913D+14  2.8288D-05  0.513
 1.86213214D+14  2.8159D-05  0.513
 1.85747681D+14  2.8031D-05  0.513
 1.85283311D+14  2.7903D-05  0.513
 1.84820103D+14  2.7776D-05  0.513
 1.84358053D+14  2.7649D-05  0.513
 1.83897158D+14  2.7523D-05  0.513
 1.83437415D+14  2.7397D-05  0.513
 1.82978821D+14  2.7272D-05  0.513
 1.82521374D+14  2.7147D-05  0.513
 1.82065071D+14  2.7023D-05  0.513
 1.81609908D+14  2.6900D-05  0.513
 1.81155883D+14  2.6777D-05  0.512
 1.80702994D+14  2.6654D-05  0.512
 1.80251236D+14  2.6533D-05  0.512
 1.79800608D+14  2.6411D-05  0.512
 1.79351107D+14  2.6291D-05  0.512
 1.78902729D+14  2.6170D-05  0.512
 1.78455472D+14  2.6051D-05  0.512
 1.78009333D+14  2.5931D-05  0.512
 1.77564310D+14  2.5813D-05  0.512
 1.77120399D+14  2.5695D-05  0.512
 1.76677598D+14  2.5577D-05  0.512
 1.76235904D+14  2.5460D-05  0.512
 1.75795314D+14  2.5343D-05  0.512
 1.75355826D+14  2.5227D-05  0.512
 1.74917437D+14  2.5112D-05  0.512
 1.74480143D+14  2.4997D-05  0.512
 1.74043943D+14  2.4882D-05  0.512
 1.73608833D+14  2.4768D-05  0.512
 1.73174811D+14  2.4655D-05  0.512
 1.72741874D+14  2.4542D-05  0.512
 1.72310019D+14  2.4429D-05  0.512
 1.71879244D+14  2.4317D-05  0.512
 1.71449546D+14  2.4206D-05  0.512
 1.71020922D+14  2.4095D-05  0.512
 1.70593370D+14  2.3984D-05  0.512
 1.70166886D+14  2.3874D-05  0.512
 1.69741469D+14  2.3764D-05  0.512
 1.69317115D+14  2.3655D-05  0.511
 1.68893823D+14  2.3547D-05  0.511
 1.68471588D+14  2.3439D-05  0.511
 1.68050409D+14  2.3331D-05  0.511
 1.67630283D+14  2.3224D-05  0.511
 1.67211207D+14  2.3117D-05  0.511
 1.66793179D+14  2.3011D-05  0.511
 1.66376196D+14  2.2905D-05  0.511
 1.65960256D+14  2.2800D-05  0.511
 1.65545355D+14  2.2695D-05  0.511
 1.65131492D+14  2.2591D-05  0.511
 1.64718663D+14  2.2487D-05  0.511
 1.64306866D+14  2.2383D-05  0.511
 1.63896099D+14  2.2280D-05  0.511
 1.63486359D+14  2.2178D-05  0.511
 1.63077643D+14  2.2076D-05  0.511
 1.62669949D+14  2.1974D-05  0.511
 1.62263274D+14  2.1873D-05  0.511
 1.61857616D+14  2.1773D-05  0.511
 1.61452972D+14  2.1672D-05  0.511
 1.61049339D+14  2.1572D-05  0.511
 1.60646716D+14  2.1473D-05  0.511
 1.60245099D+14  2.1374D-05  0.511
 1.59844487D+14  2.1276D-05  0.511
 1.59444875D+14  2.1178D-05  0.511
 1.59046263D+14  2.1080D-05  0.511
 1.58648647D+14  2.0983D-05  0.511
 1.58252026D+14  2.0886D-05  0.511
 1.57856396D+14  2.0790D-05  0.511
 1.57461755D+14  2.0694D-05  0.511
 1.57068100D+14  2.0599D-05  0.511
 1.56675430D+14  2.0504D-05  0.510
 1.56283742D+14  2.0409D-05  0.510
 1.55893032D+14  2.0315D-05  0.510
 1.55503300D+14  2.0221D-05  0.510
 1.55114541D+14  2.0128D-05  0.510
 1.54726755D+14  2.0035D-05  0.510
 1.54339938D+14  1.9942D-05  0.510
 1.53954088D+14  1.9850D-05  0.510
 1.53569203D+14  1.9759D-05  0.510
 1.53185280D+14  1.9667D-05  0.510
 1.52802317D+14  1.9577D-05  0.510
 1.52420311D+14  1.9486D-05  0.510
 1.52039260D+14  1.9396D-05  0.510
 1.51659162D+14  1.9306D-05  0.510
 1.51280014D+14  1.9217D-05  0.510
 1.50901814D+14  1.9128D-05  0.510
 1.50524560D+14  1.9040D-05  0.510
 1.50148248D+14  1.8952D-05  0.510
 1.49772878D+14  1.8864D-05  0.510
 1.49398445D+14  1.8777D-05  0.510
 1.49024949D+14  1.8690D-05  0.510
 1.48652387D+14  1.8604D-05  0.510
 1.48280756D+14  1.8517D-05  0.510
 1.47910054D+14  1.8432D-05  0.510
 1.47540279D+14  1.8346D-05  0.510
 1.47171428D+14  1.8261D-05  0.510
 1.46803500D+14  1.8177D-05  0.510
 1.46436491D+14  1.8093D-05  0.510
 1.46070400D+14  1.8009D-05  0.510
 1.45705224D+14  1.7925D-05  0.510
 1.45340961D+14  1.7842D-05  0.510
 1.44977608D+14  1.7760D-05  0.510
 1.44615164D+14  1.7677D-05  0.510
 1.44253626D+14  1.7596D-05  0.509
 1.43892992D+14  1.7514D-05  0.509
 1.43533260D+14  1.7433D-05  0.509
 1.43174427D+14  1.7352D-05  0.509
 1.42816491D+14  1.7271D-05  0.509
 1.42459449D+14  1.7191D-05  0.509
 1.42103301D+14  1.7112D-05  0.509
 1.41748043D+14  1.7032D-05  0.509
 1.41393672D+14  1.6953D-05  0.509
 1.41040188D+14  1.6874D-05  0.509
 1.40687588D+14  1.6796D-05  0.509
 1.40335869D+14  1.6718D-05  0.509
 1.39985029D+14  1.6640D-05  0.509
 1.39635067D+14  1.6563D-05  0.509
 1.39285979D+14  1.6486D-05  0.509
 1.38937764D+14  1.6410D-05  0.509
 1.38590420D+14  1.6333D-05  0.509
 1.38243943D+14  1.6258D-05  0.509
 1.37898334D+14  1.6182D-05  0.509
 1.37553588D+14  1.6107D-05  0.509
 1.37209704D+14  1.6032D-05  0.509
 1.36866680D+14  1.5957D-05  0.509
 1.36524513D+14  1.5883D-05  0.509
 1.36183202D+14  1.5809D-05  0.509
 1.35842744D+14  1.5736D-05  0.509
 1.35503137D+14  1.5663D-05  0.509
 1.35164379D+14  1.5590D-05  0.509
 1.34826468D+14  1.5517D-05  0.509
 1.34489402D+14  1.5445D-05  0.509
 1.34153178D+14  1.5373D-05  0.509
 1.33817795D+14  1.5301D-05  0.509
 1.33483251D+14  1.5230D-05  0.509
 1.33149543D+14  1.5159D-05  0.509
 1.32816669D+14  1.5089D-05  0.509
 1.32484627D+14  1.5018D-05  0.509
 1.32153416D+14  1.4948D-05  0.509
 1.31823032D+14  1.4879D-05  0.509
 1.31493474D+14  1.4923D-05  0.509
 1.31164741D+14  1.4853D-05  0.509
 1.30836829D+14  1.4783D-05  0.509
 1.30509737D+14  1.4714D-05  0.509
 1.30183463D+14  1.4645D-05  0.509
 1.29858004D+14  1.4577D-05  0.509
 1.29533359D+14  1.4508D-05  0.509
 1.29209525D+14  1.4440D-05  0.509
 1.28886502D+14  1.4373D-05  0.509
 1.28564285D+14  1.4305D-05  0.509
 1.28242875D+14  1.4238D-05  0.509
 1.27922267D+14  1.4171D-05  0.509
 1.27602462D+14  1.4105D-05  0.509
 1.27283456D+14  1.4039D-05  0.509
 1.26965247D+14  1.3973D-05  0.509
 1.26647834D+14  1.3907D-05  0.509
 1.26331214D+14  1.3842D-05  0.509
 1.26015386D+14  1.3777D-05  0.509
 1.25700348D+14  1.3713D-05  0.509
 1.25386097D+14  1.3648D-05  0.509
 1.25072632D+14  1.3584D-05  0.509
 1.24759950D+14  1.3520D-05  0.509
 1.24448050D+14  1.3457D-05  0.508
 1.24136930D+14  1.3394D-05  0.508
 1.23826588D+14  1.3331D-05  0.508
 1.23517021D+14  1.3268D-05  0.508
 1.23208229D+14  1.3206D-05  0.508
 1.22900208D+14  1.3144D-05  0.508
 1.22592958D+14  1.3082D-05  0.508
 1.22286475D+14  1.3021D-05  0.508
 1.21980759D+14  1.2959D-05  0.508
 1.21675807D+14  1.2898D-05  0.508
 1.21371618D+14  1.2838D-05  0.508
 1.21068189D+14  1.2778D-05  0.508
 1.20765518D+14  1.2717D-05  0.508
 1.20463604D+14  1.2658D-05  0.508
 1.20162445D+14  1.2598D-05  0.508
 1.19862039D+14  1.2539D-05  0.508
 1.19562384D+14  1.2480D-05  0.508
 1.19263478D+14  1.2421D-05  0.508
 1.18965319D+14  1.2363D-05  0.508
 1.18667906D+14  1.2305D-05  0.508
 1.18371236D+14  1.2247D-05  0.508
 1.18075308D+14  1.2189D-05  0.508
 1.17780120D+14  1.2132D-05  0.508
 1.17485670D+14  1.2075D-05  0.508
 1.17191956D+14  1.2018D-05  0.508
 1.16898976D+14  1.1961D-05  0.508
 1.16606728D+14  1.1905D-05  0.508
 1.16315211D+14  1.1849D-05  0.508
 1.16024423D+14  1.1793D-05  0.508
 1.15734362D+14  1.1737D-05  0.508
 1.15445026D+14  1.1682D-05  0.508
 1.15156414D+14  1.1627D-05  0.508
 1.14868523D+14  1.1572D-05  0.508
 1.14581352D+14  1.1518D-05  0.508
 1.14294898D+14  1.1463D-05  0.508
 1.14009161D+14  1.1409D-05  0.508
 1.13724138D+14  1.1355D-05  0.508
 1.13439828D+14  1.1302D-05  0.508
 1.13156228D+14  1.1249D-05  0.508
 1.12873338D+14  1.1196D-05  0.508
 1.12591154D+14  1.1143D-05  0.508
 1.12309676D+14  1.1090D-05  0.508
 1.12028902D+14  1.1038D-05  0.508
 1.11748830D+14  1.0986D-05  0.508
 1.11469458D+14  1.0934D-05  0.507
 1.11190784D+14  1.0882D-05  0.507
 1.10912807D+14  1.0831D-05  0.507
 1.10635525D+14  1.0780D-05  0.507
 1.10358936D+14  1.0729D-05  0.507
 1.10083039D+14  1.0678D-05  0.507
 1.09807831D+14  1.0628D-05  0.507
 1.09533312D+14  1.0578D-05  0.507
 1.09259479D+14  1.0528D-05  0.507
 1.08986330D+14  1.0478D-05  0.507
 1.08713864D+14  1.0428D-05  0.507
 1.08442079D+14  1.0379D-05  0.507
 1.08170974D+14  1.0330D-05  0.507
 1.07900547D+14  1.0281D-05  0.507
 1.07630795D+14  1.0233D-05  0.507
 1.07361718D+14  1.0184D-05  0.507
 1.07093314D+14  1.0136D-05  0.507
 1.06825581D+14  1.0088D-05  0.507
 1.06558517D+14  1.0041D-05  0.507
 1.06292121D+14  9.9931D-06  0.507
 1.06026390D+14  9.9459D-06  0.507
 1.05761324D+14  9.8988D-06  0.507
 1.05496921D+14  9.8520D-06  0.507
 1.05233179D+14  9.8054D-06  0.507
 1.04970096D+14  9.7590D-06  0.507
 1.04707670D+14  9.7128D-06  0.507
 1.04445901D+14  9.6668D-06  0.507
 1.04184787D+14  9.6211D-06  0.507
 1.03924325D+14  9.5755D-06  0.507
 1.03664514D+14  9.5302D-06  0.507
 1.03405352D+14  9.4851D-06  0.507
 1.03146839D+14  9.4401D-06  0.507
 1.02888972D+14  9.3954D-06  0.507
 1.02631750D+14  9.3509D-06  0.507
 1.02375170D+14  9.3066D-06  0.507
 1.02119232D+14  9.2625D-06  0.507
 1.01863934D+14  9.2187D-06  0.507
 1.01609274D+14  9.1750D-06  0.507
 1.01355251D+14  9.1315D-06  0.507
 1.01101863D+14  9.0882D-06  0.507
 1.00849108D+14  9.0451D-06  0.507
 1.00596986D+14  9.0023D-06  0.507
 1.00345493D+14  8.9596D-06  0.507
 1.00094629D+14  8.9171D-06  0.507
 9.98443928D+13  8.8748D-06  0.507
 9.95947819D+13  8.8327D-06  0.507
 9.93457949D+13  8.7908D-06  0.507
 9.90974304D+13  8.7491D-06  0.507
 9.88496868D+13  8.7076D-06  0.507
 9.86025626D+13  8.6663D-06  0.507
 9.83560562D+13  8.6252D-06  0.507
 9.81101661D+13  8.5842D-06  0.507
 9.78648907D+13  8.5435D-06  0.506
 9.76202284D+13  8.5030D-06  0.506
 9.73761779D+13  8.4626D-06  0.506
 9.71327374D+13  8.4224D-06  0.506
 9.68899056D+13  8.3824D-06  0.506
 9.66476808D+13  8.3426D-06  0.506
 9.64060616D+13  8.3030D-06  0.506
 9.61650465D+13  8.2636D-06  0.506
 9.59246338D+13  8.2243D-06  0.506
 9.56848223D+13  8.1852D-06  0.506
 9.54456102D+13  8.1464D-06  0.506
 9.52069962D+13  8.1076D-06  0.506
 9.49689787D+13  8.0691D-06  0.506
 9.47315562D+13  8.0308D-06  0.506
 9.44947274D+13  7.9926D-06  0.506
 9.42584905D+13  7.9546D-06  0.506
 9.40228443D+13  7.9168D-06  0.506
 9.37877872D+13  7.8791D-06  0.506
 9.35533177D+13  7.8417D-06  0.506
 9.33194344D+13  7.8044D-06  0.506
 9.30861358D+13  7.7673D-06  0.506
 9.28534205D+13  7.7303D-06  0.506
 9.26212870D+13  7.6936D-06  0.506
 9.23897337D+13  7.6570D-06  0.506
 9.21587594D+13  7.6205D-06  0.506
 9.19283625D+13  7.5843D-06  0.506
 9.16985416D+13  7.5482D-06  0.506
 9.14692952D+13  7.5122D-06  0.506
 9.12406220D+13  7.4991D-06  0.506
 9.10125205D+13  7.4633D-06  0.506
 9.07849892D+13  7.4277D-06  0.506
 9.05580267D+13  7.3923D-06  0.506
 9.03316316D+13  7.3570D-06  0.506
 9.01058025D+13  7.3219D-06  0.506
 8.98805380D+13  7.2870D-06  0.506
 8.96558367D+13  7.2522D-06  0.506
 8.94316971D+13  7.2176D-06  0.506
 8.92081178D+13  7.1831D-06  0.506
 8.89850976D+13  7.1488D-06  0.506
 8.87626348D+13  7.1147D-06  0.506
 8.85407282D+13  7.0807D-06  0.506
 8.83193764D+13  7.0469D-06  0.506
 8.80985780D+13  7.0133D-06  0.506
 8.78783315D+13  6.9798D-06  0.506
 8.76586357D+13  6.9464D-06  0.506
 8.74394891D+13  6.9132D-06  0.506
 8.72208904D+13  6.8802D-06  0.506
 8.70028382D+13  6.8474D-06  0.506
 8.67853311D+13  6.8146D-06  0.506
 8.65683677D+13  6.7821D-06  0.506
 8.63519468D+13  6.7497D-06  0.506
 8.61360669D+13  6.7174D-06  0.506
 8.59207268D+13  6.6853D-06  0.506
 8.57059250D+13  6.6533D-06  0.506
 8.54916601D+13  6.6215D-06  0.506
 8.52779310D+13  6.5899D-06  0.506
 8.50647362D+13  6.5584D-06  0.506
 8.48520743D+13  6.5270D-06  0.506
 8.46399441D+13  6.4958D-06  0.506
 8.44283443D+13  6.4647D-06  0.506
 8.42172734D+13  6.4338D-06  0.506
 8.40067302D+13  6.4030D-06  0.506
 8.37967134D+13  6.3724D-06  0.506
 8.35872216D+13  6.3419D-06  0.506
 8.33782536D+13  6.3115D-06  0.506
 8.31698079D+13  6.2813D-06  0.506
 8.29618834D+13  6.2513D-06  0.506
 8.27544787D+13  6.2213D-06  0.506
 8.25475925D+13  6.1916D-06  0.506
 8.23412235D+13  6.1619D-06  0.506
 8.21353705D+13  6.1324D-06  0.506
 8.19300320D+13  6.1030D-06  0.506
 8.17252070D+13  6.0738D-06  0.506
 8.15208939D+13  6.0447D-06  0.506
 8.13170917D+13  6.0158D-06  0.506
 8.11137990D+13  5.9870D-06  0.506
 8.09110145D+13  5.9583D-06  0.506
 8.07087370D+13  5.9297D-06  0.506
 8.05069651D+13  5.9013D-06  0.505
 8.03056977D+13  5.8730D-06  0.505
 8.01049335D+13  5.8449D-06  0.505
 7.99046711D+13  5.8169D-06  0.505
 7.97049094D+13  5.7890D-06  0.505
 7.95056472D+13  5.7613D-06  0.505
 7.93068830D+13  5.7336D-06  0.505
 7.91086158D+13  5.7061D-06  0.505
 7.89108443D+13  5.6788D-06  0.505
 7.87135672D+13  5.6516D-06  0.505
 7.85167833D+13  5.6245D-06  0.505
 7.83204913D+13  5.5975D-06  0.505
 7.81246901D+13  5.5706D-06  0.505
 7.79293784D+13  5.5439D-06  0.505
 7.77345549D+13  5.5173D-06  0.505
 7.75402185D+13  5.4908D-06  0.505
 7.73463680D+13  5.4645D-06  0.505
 7.71530021D+13  5.4383D-06  0.505
 7.69601196D+13  5.4122D-06  0.505
 7.67677193D+13  5.3862D-06  0.505
 7.65758000D+13  5.3603D-06  0.505
 7.63843605D+13  5.3346D-06  0.505
 7.61933996D+13  5.3090D-06  0.505
 7.60029161D+13  5.2835D-06  0.505
 7.58129088D+13  5.2581D-06  0.505
 7.56233765D+13  5.2329D-06  0.505
 7.54343181D+13  5.2078D-06  0.505
 7.52457323D+13  5.1827D-06  0.505
 7.50576179D+13  5.1578D-06  0.505
 7.48699739D+13  5.1331D-06  0.505
 7.46827990D+13  5.1084D-06  0.505
 7.44960920D+13  5.0839D-06  0.505
 7.43098517D+13  5.0594D-06  0.505
 7.41240771D+13  5.0351D-06  0.505
 7.39387669D+13  5.0109D-06  0.505
 7.37539200D+13  4.9868D-06  0.505
 7.35695352D+13  4.9629D-06  0.505
 7.33856113D+13  4.9390D-06  0.505
 7.32021473D+13  4.9153D-06  0.505
 7.30191420D+13  4.8916D-06  0.505
 7.28365941D+13  4.8681D-06  0.505
 7.26545026D+13  4.8447D-06  0.505
 7.24728664D+13  4.8214D-06  0.505
 7.22916842D+13  4.7982D-06  0.505
 7.21109550D+13  4.7751D-06  0.505
 7.19306776D+13  4.7522D-06  0.505
 7.17508509D+13  4.7293D-06  0.505
 7.15714738D+13  4.7065D-06  0.505
 7.13925451D+13  4.6839D-06  0.505
 7.12140637D+13  4.6614D-06  0.505
 7.10360286D+13  4.6389D-06  0.505
 7.08584385D+13  4.6166D-06  0.505
 7.06812924D+13  4.5944D-06  0.505
 7.05045892D+13  4.5723D-06  0.505
 7.03283277D+13  4.5502D-06  0.505
 7.01525069D+13  4.5283D-06  0.505
 6.99771256D+13  4.5065D-06  0.505
 6.98021828D+13  4.4848D-06  0.505
 6.96276773D+13  4.4632D-06  0.505
 6.94536081D+13  4.4417D-06  0.505
 6.92799741D+13  4.4203D-06  0.505
 6.91067742D+13  4.3991D-06  0.505
 6.89340072D+13  4.3779D-06  0.505
 6.87616722D+13  4.3568D-06  0.505
 6.85897681D+13  4.3358D-06  0.505
 6.84182936D+13  4.3149D-06  0.505
 6.82472479D+13  4.2941D-06  0.505
 6.80766298D+13  4.2734D-06  0.505
 6.79064382D+13  4.2528D-06  0.505
 6.77366721D+13  4.2323D-06  0.505
 6.75673304D+13  4.2119D-06  0.505
 6.73984121D+13  4.1916D-06  0.505
 6.72299161D+13  4.1714D-06  0.505
 6.70618413D+13  4.1569D-06  0.505
 6.68941867D+13  4.1369D-06  0.505
 6.67269512D+13  4.1169D-06  0.505
 6.65601338D+13  4.0970D-06  0.505
 6.63937335D+13  4.0773D-06  0.505
 6.62277492D+13  4.0576D-06  0.505
 6.60621798D+13  4.0380D-06  0.505
 6.58970243D+13  4.0185D-06  0.505
 6.57322818D+13  3.9991D-06  0.505
 6.55679511D+13  3.9798D-06  0.505
 6.54040312D+13  3.9605D-06  0.505
 6.52405211D+13  3.9414D-06  0.505
 6.50774198D+13  3.9224D-06  0.505
 6.49147263D+13  3.9034D-06  0.505
 6.47524395D+13  3.8846D-06  0.505
 6.45905584D+13  3.8658D-06  0.505
 6.44290820D+13  3.8471D-06  0.505
 6.42680093D+13  3.8285D-06  0.505
 6.41073392D+13  3.8100D-06  0.505
 6.39470709D+13  3.7916D-06  0.505
 6.37872032D+13  3.7733D-06  0.505
 6.36277352D+13  3.7550D-06  0.505
 6.34686659D+13  3.7369D-06  0.505
 6.33099942D+13  3.7188D-06  0.505
 6.31517192D+13  3.7008D-06  0.505
 6.29938399D+13  3.6829D-06  0.505
 6.28363553D+13  3.6651D-06  0.505
 6.26792644D+13  3.6474D-06  0.505
 6.25225663D+13  3.6298D-06  0.504
 6.23662598D+13  3.6122D-06  0.504
 6.22103442D+13  3.5947D-06  0.504
 6.20548183D+13  3.5773D-06  0.504
 6.18996813D+13  3.5600D-06  0.504
 6.17449321D+13  3.5428D-06  0.504
 6.15905698D+13  3.5257D-06  0.504
 6.14365933D+13  3.5086D-06  0.504
 6.12830018D+13  3.4916D-06  0.504
 6.11297943D+13  3.4747D-06  0.504
 6.09769699D+13  3.4579D-06  0.504
 6.08245274D+13  3.4412D-06  0.504
 6.06724661D+13  3.4245D-06  0.504
 6.05207849D+13  3.4079D-06  0.504
 6.03694830D+13  3.3914D-06  0.504
 6.02185593D+13  3.3750D-06  0.504
 6.00680129D+13  3.3587D-06  0.504
 5.99178428D+13  3.3424D-06  0.504
 5.97680482D+13  3.3262D-06  0.504
 5.96186281D+13  3.3101D-06  0.504
 5.94695816D+13  3.2941D-06  0.504
 5.93209076D+13  3.2782D-06  0.504
 5.91726053D+13  3.2623D-06  0.504
 5.90246738D+13  3.2465D-06  0.504
 5.88771121D+13  3.2308D-06  0.504
 5.87299193D+13  3.2152D-06  0.504
 5.85830946D+13  3.1996D-06  0.504
 5.84366368D+13  3.1841D-06  0.504
 5.82905452D+13  3.1687D-06  0.504
 5.81448189D+13  3.1534D-06  0.504
 5.79994568D+13  3.1381D-06  0.504
 5.78544582D+13  3.1229D-06  0.504
 5.77098220D+13  3.1078D-06  0.504
 5.75655475D+13  3.0927D-06  0.504
 5.74216336D+13  3.0778D-06  0.504
 5.72780795D+13  3.0629D-06  0.504
 5.71348843D+13  3.0480D-06  0.504
 5.69920471D+13  3.0333D-06  0.504
 5.68495670D+13  3.0186D-06  0.504
 5.67074431D+13  3.0039D-06  0.504
 5.65656745D+13  2.9894D-06  0.504
 5.64242603D+13  2.9749D-06  0.504
 5.62831996D+13  2.9605D-06  0.504
 5.61424916D+13  2.9461D-06  0.504
 5.60021354D+13  2.9318D-06  0.504
 5.58621301D+13  2.9176D-06  0.504
 5.57224747D+13  2.9035D-06  0.504
 5.55831685D+13  2.8894D-06  0.504
 5.54442106D+13  2.8754D-06  0.504
 5.53056001D+13  2.8615D-06  0.504
 5.51673361D+13  2.8476D-06  0.504
 5.50294178D+13  2.8338D-06  0.504
 5.48918442D+13  2.8200D-06  0.504
 5.47546146D+13  2.8063D-06  0.504
 5.46177281D+13  2.7927D-06  0.504
 5.44811837D+13  2.7792D-06  0.504
 5.43449808D+13  2.7657D-06  0.504
 5.42091183D+13  2.7523D-06  0.504
 5.40735955D+13  2.7389D-06  0.504
 5.39384116D+13  2.7256D-06  0.504
 5.38035655D+13  2.7124D-06  0.504
 5.36690566D+13  2.6992D-06  0.504
 5.35348840D+13  2.6861D-06  0.504
 5.34010468D+13  2.6731D-06  0.504
 5.32675441D+13  2.6601D-06  0.504
 5.31343753D+13  2.6472D-06  0.504
 5.30015393D+13  2.6344D-06  0.504
 5.28690355D+13  2.6216D-06  0.504
 5.27368629D+13  2.6088D-06  0.504
 5.26050207D+13  2.5962D-06  0.504
 5.24735082D+13  2.5835D-06  0.504
 5.23423244D+13  2.5710D-06  0.504
 5.22114686D+13  2.5585D-06  0.504
 5.20809399D+13  2.5461D-06  0.504
 5.19507376D+13  2.5337D-06  0.504
 5.18208608D+13  2.5214D-06  0.504
 5.16913086D+13  2.5091D-06  0.504
 5.15620803D+13  2.4970D-06  0.504
 5.14331751D+13  2.4848D-06  0.504
 5.13045922D+13  2.4745D-06  0.504
 5.11763307D+13  2.4625D-06  0.504
 5.10483899D+13  2.4505D-06  0.504
 5.09207689D+13  2.4386D-06  0.504
 5.07934670D+13  2.4267D-06  0.504
 5.06664833D+13  2.4149D-06  0.504
 5.05398171D+13  2.4032D-06  0.504
 5.04134676D+13  2.3915D-06  0.504
 5.02874339D+13  2.3799D-06  0.504
 5.01617153D+13  2.3683D-06  0.504
 5.00363110D+13  2.3568D-06  0.504
 4.99112202D+13  2.3453D-06  0.504
 4.97864422D+13  2.3339D-06  0.504
 4.96619761D+13  2.3225D-06  0.504
 4.95378212D+13  2.3112D-06  0.504
 4.94139766D+13  2.3000D-06  0.504
 4.92904417D+13  2.2888D-06  0.504
 4.91672156D+13  2.2776D-06  0.504
 4.90442975D+13  2.2666D-06  0.504
 4.89216868D+13  2.2555D-06  0.504
 4.87993826D+13  2.2445D-06  0.504
 4.86773841D+13  2.2336D-06  0.504
 4.85556906D+13  2.2227D-06  0.504
 4.84343014D+13  2.2119D-06  0.504
 4.83132157D+13  2.2011D-06  0.504
 4.81924326D+13  2.1904D-06  0.504
 4.80719515D+13  2.1797D-06  0.504
 4.79517717D+13  2.1691D-06  0.504
 4.78318922D+13  2.1586D-06  0.504
 4.77123125D+13  2.1480D-06  0.504
 4.75930317D+13  2.1376D-06  0.504
 4.74740491D+13  2.1272D-06  0.504
 4.73553640D+13  2.1168D-06  0.504
 4.72369756D+13  2.1065D-06  0.504
 4.71188832D+13  2.0962D-06  0.504
 4.70010860D+13  2.0860D-06  0.504
 4.68835832D+13  2.0758D-06  0.504
 4.67663743D+13  2.0657D-06  0.504
 4.66494583D+13  2.0556D-06  0.504
 4.65328347D+13  2.0456D-06  0.504
 4.64165026D+13  2.0356D-06  0.504
 4.63004614D+13  2.0257D-06  0.504
 4.61847102D+13  2.0158D-06  0.504
 4.60692484D+13  2.0060D-06  0.504
 4.59540753D+13  1.9962D-06  0.504
 4.58391901D+13  1.9865D-06  0.504
 4.57245921D+13  1.9768D-06  0.504
 4.56102807D+13  1.9671D-06  0.504
 4.54962550D+13  1.9575D-06  0.504
 4.53825143D+13  1.9480D-06  0.504
 4.52690580D+13  1.9385D-06  0.504
 4.51558854D+13  1.9290D-06  0.504
 4.50429957D+13  1.9196D-06  0.504
 4.49303882D+13  1.9102D-06  0.504
 4.48180622D+13  1.9009D-06  0.504
 4.47060171D+13  1.8916D-06  0.504
 4.45942520D+13  1.8824D-06  0.504
 4.44827664D+13  1.8732D-06  0.504
 4.43715595D+13  1.8641D-06  0.504
 4.42606306D+13  1.8550D-06  0.504
 4.41499790D+13  1.8459D-06  0.504
 4.40396041D+13  1.8369D-06  0.504
 4.39295050D+13  1.8279D-06  0.504
 4.38196813D+13  1.8190D-06  0.504
 4.37101321D+13  1.8101D-06  0.504
 4.36008567D+13  1.8013D-06  0.504
 4.34918546D+13  1.7925D-06  0.504
 4.33831250D+13  1.7837D-06  0.504
 4.32746672D+13  1.7750D-06  0.504
 4.31664805D+13  1.7663D-06  0.504
 4.30585643D+13  1.7577D-06  0.504
 4.29509179D+13  1.7491D-06  0.504
 4.28435406D+13  1.7405D-06  0.504
 4.27364317D+13  1.7320D-06  0.504
 4.26295907D+13  1.7236D-06  0.504
 4.25230167D+13  1.7151D-06  0.504
 4.24167091D+13  1.7068D-06  0.504
 4.23106674D+13  1.6984D-06  0.504
 4.22048907D+13  1.6901D-06  0.504
 4.20993785D+13  1.6819D-06  0.504
 4.19941300D+13  1.6736D-06  0.504
 4.18891447D+13  1.6654D-06  0.504
 4.17844218D+13  1.6573D-06  0.504
 4.16799608D+13  1.6492D-06  0.504
 4.15757609D+13  1.6411D-06  0.504
 4.14718215D+13  1.6331D-06  0.504
 4.13681419D+13  1.6251D-06  0.504
 4.12647216D+13  1.6172D-06  0.504
 4.11615598D+13  1.6092D-06  0.504
 4.10586559D+13  1.6014D-06  0.504
 4.09560092D+13  1.5935D-06  0.504
 4.08536192D+13  1.5857D-06  0.504
 4.07514852D+13  1.5780D-06  0.504
 4.06496064D+13  1.5703D-06  0.504
 4.05479824D+13  1.5633D-06  0.504
 4.04466125D+13  1.5556D-06  0.504
 4.03454959D+13  1.5480D-06  0.504
 4.02446322D+13  1.5404D-06  0.504
 4.01440206D+13  1.5329D-06  0.504
 4.00436606D+13  1.5254D-06  0.504
 3.99435514D+13  1.5179D-06  0.504
 3.98436925D+13  1.5105D-06  0.504
 3.97440833D+13  1.5031D-06  0.504
 3.96447231D+13  1.4957D-06  0.504
 3.95456113D+13  1.4884D-06  0.504
 3.94467473D+13  1.4811D-06  0.504
 3.93481304D+13  1.4738D-06  0.504
 3.92497601D+13  1.4666D-06  0.504
 3.91516357D+13  1.4594D-06  0.504
 3.90537566D+13  1.4523D-06  0.504
 3.89561222D+13  1.4452D-06  0.504
 3.88587319D+13  1.4381D-06  0.504
 3.87615850D+13  1.4310D-06  0.504
 3.86646811D+13  1.4240D-06  0.504
 3.85680194D+13  1.4170D-06  0.504
 3.84715993D+13  1.4101D-06  0.504
 3.83754203D+13  1.4032D-06  0.504
 3.82794818D+13  1.3963D-06  0.504
 3.81837831D+13  1.3895D-06  0.504
 3.80883236D+13  1.3826D-06  0.504
 3.79931028D+13  1.3759D-06  0.504
 3.78981201D+13  1.3691D-06  0.504
 3.78033748D+13  1.3624D-06  0.504
 3.77088663D+13  1.3557D-06  0.504
 3.76145942D+13  1.3491D-06  0.503
 3.75205577D+13  1.3425D-06  0.503
 3.74267563D+13  1.3359D-06  0.503
 3.73331894D+13  1.3293D-06  0.503
 3.72398564D+13  1.3228D-06  0.503
 3.71467568D+13  1.3163D-06  0.503
 3.70538899D+13  1.3098D-06  0.503
 3.69612552D+13  1.3034D-06  0.503
 3.68688520D+13  1.2970D-06  0.503
 3.67766799D+13  1.2907D-06  0.503
 3.66847382D+13  1.2843D-06  0.503
 3.65930263D+13  1.2780D-06  0.503
 3.65015438D+13  1.2717D-06  0.503
 3.64102899D+13  1.2655D-06  0.503
 3.63192642D+13  1.2593D-06  0.503
 3.62284660D+13  1.2531D-06  0.503
 3.61378949D+13  1.2470D-06  0.503
 3.60475501D+13  1.2408D-06  0.503
 3.59574313D+13  1.2347D-06  0.503
 3.58675377D+13  1.2287D-06  0.503
 3.57778688D+13  1.2226D-06  0.503
 3.56884242D+13  1.2166D-06  0.503
 3.55992031D+13  1.2107D-06  0.503
 3.55102051D+13  1.2047D-06  0.503
 3.54214296D+13  1.1988D-06  0.503
 3.53328760D+13  1.1929D-06  0.503
 3.52445438D+13  1.1870D-06  0.503
 3.51564325D+13  1.1812D-06  0.503
 3.50685414D+13  1.1754D-06  0.503
 3.49808700D+13  1.1696D-06  0.503
 3.48934178D+13  1.1639D-06  0.503
 3.48061843D+13  1.1582D-06  0.503
 3.47191688D+13  1.1525D-06  0.503
 3.46323709D+13  1.1468D-06  0.503
 3.45457900D+13  1.1412D-06  0.503
 3.44594255D+13  1.1356D-06  0.503
 3.43732769D+13  1.1300D-06  0.503
 3.42873438D+13  1.1244D-06  0.503
 3.42016254D+13  1.1189D-06  0.503
 3.41161213D+13  1.1134D-06  0.503
 3.40308310D+13  1.1079D-06  0.503
 3.39457540D+13  1.1025D-06  0.503
 3.38608896D+13  1.0971D-06  0.503
 3.37762373D+13  1.0917D-06  0.503
 3.36917968D+13  1.0863D-06  0.503
 3.36075673D+13  1.0809D-06  0.503
 3.35235483D+13  1.0756D-06  0.503
 3.34397395D+13  1.0703D-06  0.503
 3.33561401D+13  1.0651D-06  0.503
 3.32727498D+13  1.0598D-06  0.503
 3.32229341D+13  1.0567D-06  0.503
 3.31895679D+13  1.0546D-06  0.503
 3.31065940D+13  1.0494D-06  0.503
 3.30238275D+13  1.0443D-06  0.503
 3.29412679D+13  1.0391D-06  0.503
 3.25650543D+13  1.0162D-06  0.503
 3.09868016D+13  9.2131D-07  0.503
 2.94085488D+13  8.3094D-07  0.503
 2.78302961D+13  7.4507D-07  0.503
 2.62520434D+13  6.6389D-07  0.503
 2.46737907D+13  5.8712D-07  0.503
 2.30955380D+13  5.1493D-07  0.503
 2.15172853D+13  4.4744D-07  0.503
 1.99390326D+13  3.8451D-07  0.503
 1.83607798D+13  3.2631D-07  0.503
 1.67825271D+13  2.7276D-07  0.503
 1.52042744D+13  2.2396D-07  0.503
 1.36260217D+13  1.7992D-07  0.502
 1.20477690D+13  1.4065D-07  0.502
 1.04695163D+13  1.0618D-07  0.502
 8.89126357D+12  7.6538D-08  0.502
 7.31301085D+12  5.1736D-08  0.501
 5.73475814D+12  3.1786D-08  0.501
 4.15650543D+12  1.6688D-08  0.500
 2.57825271D+12  6.4292D-09  0.499
 1.00000000D+12  9.7801D-10  0.498
